# Fit to erf function with parameters: B=179.27506600417934 A=177.47175326484037 R=17.066738266284624 W=2.893825280964426 
0.000000000000000000e+00 2.681705753982773217e+02 3.567468186146130051e+02
1.052220865598092914e+00 2.725143042101018978e+02 3.567468137149613767e+02
1.753701442663488264e+00 2.836618247912704760e+02 3.567467977533027579e+02
2.455182019728883169e+00 2.987939241719248571e+02 3.567467405388185284e+02
3.156662596794278741e+00 3.185257377155671179e+02 3.567465471060476148e+02
3.858143173859674313e+00 3.369254638607521315e+02 3.567459302966076393e+02
4.559623750925068997e+00 3.501819913273224074e+02 3.567440751867677591e+02
5.261104327990464569e+00 3.609147395755874754e+02 3.567388127530480801e+02
5.962584905055860141e+00 3.702240953373524235e+02 3.567247327501673908e+02
6.664065482121254824e+00 3.794617248807410306e+02 3.566892008353713663e+02
7.365546059186651284e+00 3.878220799113254884e+02 3.566046272234436856e+02
8.067026636252046856e+00 3.961330775867521083e+02 3.564147590629272599e+02
8.768507213317441540e+00 4.027340917364208508e+02 3.560127174856811507e+02
9.469987790382836224e+00 4.065149241763501777e+02 3.552097612398825390e+02
1.017146836744823268e+01 4.060900266688701663e+02 3.536971916350664742e+02
1.087294894451362737e+01 4.012532425736991968e+02 3.510097324135023200e+02
1.157442952157902383e+01 3.912001204014612199e+02 3.465060077295249812e+02
1.227591009864441851e+01 3.743551877642926229e+02 3.393872273951236593e+02
1.297739067570981319e+01 3.504118066661284274e+02 3.287740972995831612e+02
1.367887125277520610e+01 3.204605807236490591e+02 3.138500777047268002e+02
1.438035182984060256e+01 2.867242307864928534e+02 2.940561122466427832e+02
1.508183240690599725e+01 2.518419625441754306e+02 2.692941711539422158e+02
1.578331298397139371e+01 2.186891365930806614e+02 2.400767683246411934e+02
1.648479356103678839e+01 1.882102245706346935e+02 2.075602755936350832e+02
1.718627413810218485e+01 1.603600210630419838e+02 1.734275454485324701e+02
1.788775471516758131e+01 1.346323335228881035e+02 1.396332312304303969e+02
1.858923529223297422e+01 1.106725349630506940e+02 1.080743557083698221e+02
1.929071586929837068e+01 8.880256991429514812e+01 8.027692701538138920e+01
1.999219644636376714e+01 6.979541653640188770e+01 5.718326220165657503e+01
2.069367702342916004e+01 5.425553880728414669e+01 3.908711649168333224e+01
2.139515760049455650e+01 4.211157108725512899e+01 2.571241412882645250e+01
2.209663817755994941e+01 3.276538413971070440e+01 1.638874694360140438e+01
2.279811875462534587e+01 2.548447559328041478e+01 1.025827749794621013e+01
2.349959933169074233e+01 1.973152776085170856e+01 6.456342114129682841e+00
2.420107990875613524e+01 1.518095081311868988e+01 4.232420804542982751e+00
2.490256048582153170e+01 1.157603770276327637e+01 3.005441035187374155e+00
2.560404106288692816e+01 8.717072019033716757e+00 2.366944911924917960e+00
2.630552163995232462e+01 6.418495343496450900e+00 2.053557504938368083e+00
2.700700221701772108e+01 4.596770817434765455e+00 1.908477778034296080e+00
2.770848279408311754e+01 3.208108792493539418e+00 1.845129722190506527e+00
2.840996337114851400e+01 2.169405469880580029e+00 1.819040528937364343e+00
2.911144394821390691e+01 1.415990424918285973e+00 1.808906358721628749e+00
2.981292452527929981e+01 9.001941932114786438e-01 1.805193441398387222e+00
3.051440510234469983e+01 5.616940506905824249e-01 1.803910398367122525e+00
3.121588567941009273e+01 3.380979615434949737e-01 1.803492216389969371e+00
3.191736625647548564e+01 2.024080720501473807e-01 1.803363662032467118e+00
3.261884683354088565e+01 1.144402250477112859e-01 1.803326388125412905e+00
3.332032741060628211e+01 6.458757788500164854e-02 1.803316194730427924e+00
3.402180798767167147e+01 3.552618420486663292e-02 1.803313565505305860e+00
3.472328856473707503e+01 1.892377213018912180e-02 1.803312925872376127e+00
3.542476914180246439e+01 9.610000642200858950e-03 1.803312779105795016e+00
3.612624971886786085e+01 4.464053178707317986e-03 1.803312747343227329e+00
3.682773029593325020e+01 2.036826107460617923e-03 1.803312740859951191e+00
3.752921087299865377e+01 1.003937670413507363e-03 1.803312739611783400e+00
3.823069145006404312e+01 4.901224220678669381e-04 1.803312739385177110e+00
3.893217202712943958e+01 1.537813204104578470e-04 1.803312739346353055e+00
3.963365260419483604e+01 2.343476587123029560e-05 1.803312739340100279e+00
4.033513318126023250e+01 3.903886970049596117e-05 1.803312739339133941e+00
4.103661375832562896e+01 2.884679891000499258e-05 1.803312739338991832e+00
4.173809433539102542e+01 0.000000000000000000e+00 1.803312739338963411e+00
4.243957491245642188e+01 0.000000000000000000e+00 1.803312739338963411e+00
4.314105548952181124e+01 0.000000000000000000e+00 1.803312739338963411e+00
4.384253606658720770e+01 0.000000000000000000e+00 1.803312739338963411e+00
4.454401664365260416e+01 0.000000000000000000e+00 1.803312739338963411e+00
4.524549722071800062e+01 0.000000000000000000e+00 1.803312739338963411e+00
4.594697779778338997e+01 0.000000000000000000e+00 1.803312739338963411e+00
4.664845837484879354e+01 0.000000000000000000e+00 1.803312739338963411e+00
4.734993895191418289e+01 0.000000000000000000e+00 1.803312739338963411e+00
4.805141952897957935e+01 0.000000000000000000e+00 1.803312739338963411e+00
4.875290010604497581e+01 0.000000000000000000e+00 1.803312739338963411e+00
4.945438068311037227e+01 0.000000000000000000e+00 1.803312739338963411e+00
5.015586126017576873e+01 0.000000000000000000e+00 1.803312739338963411e+00
5.085734183724115809e+01 0.000000000000000000e+00 1.803312739338963411e+00
5.155882241430655455e+01 0.000000000000000000e+00 1.803312739338963411e+00
5.226030299137195101e+01 0.000000000000000000e+00 1.803312739338963411e+00
5.296178356843735457e+01 0.000000000000000000e+00 1.803312739338963411e+00
5.366326414550273682e+01 0.000000000000000000e+00 1.803312739338963411e+00
5.436474472256814039e+01 0.000000000000000000e+00 1.803312739338963411e+00
5.506622529963353685e+01 0.000000000000000000e+00 1.803312739338963411e+00
5.576770587669892620e+01 0.000000000000000000e+00 1.803312739338963411e+00
5.646918645376432266e+01 0.000000000000000000e+00 1.803312739338963411e+00
5.717066703082972623e+01 0.000000000000000000e+00 1.803312739338963411e+00
5.787214760789511558e+01 0.000000000000000000e+00 1.803312739338963411e+00
5.857362818496051204e+01 0.000000000000000000e+00 1.803312739338963411e+00
5.927510876202590140e+01 0.000000000000000000e+00 1.803312739338963411e+00
5.997658933909129786e+01 0.000000000000000000e+00 1.803312739338963411e+00
6.067806991615670142e+01 0.000000000000000000e+00 1.803312739338963411e+00
6.137955049322208367e+01 0.000000000000000000e+00 1.803312739338963411e+00
6.208103107028748724e+01 0.000000000000000000e+00 1.803312739338963411e+00
6.278251164735288370e+01 0.000000000000000000e+00 1.803312739338963411e+00
6.348399222441827305e+01 0.000000000000000000e+00 1.803312739338963411e+00
6.418547280148366951e+01 0.000000000000000000e+00 1.803312739338963411e+00
6.488695337854906597e+01 0.000000000000000000e+00 1.803312739338963411e+00
6.558843395561446243e+01 0.000000000000000000e+00 1.803312739338963411e+00
6.628991453267985889e+01 0.000000000000000000e+00 1.803312739338963411e+00
6.699139510974525535e+01 0.000000000000000000e+00 1.803312739338963411e+00
6.769287568681065181e+01 0.000000000000000000e+00 1.803312739338963411e+00
6.839435626387604827e+01 0.000000000000000000e+00 1.803312739338963411e+00
6.909583684094144473e+01 0.000000000000000000e+00 1.803312739338963411e+00
7.014805770653953232e+01 0.000000000000000000e+00 1.803312739338963411e+00
