# Fit to erf function with parameters: B=219.32193876852696 A=218.83588983930764 R=13.735494835346959 W=7.2996736934976 
0.000000000000000000e+00 3.997087650000340204e+02 4.250534180534903044e+02
1.052220865598092914e+00 4.084378373450325626e+02 4.201483444979653541e+02
1.753701442663488264e+00 4.162647355069427135e+02 4.161185789098666419e+02
2.455182019728883169e+00 4.183920866344538467e+02 4.114008721736569214e+02
3.156662596794278741e+00 4.192017375679270685e+02 4.059285131161790900e+02
3.858143173859674313e+00 4.131453494759632576e+02 3.996390913775857143e+02
4.559623750925068997e+00 4.027996748169246075e+02 3.924770085642799131e+02
5.261104327990464569e+00 3.911759330775545322e+02 3.843960952483606093e+02
5.962584905055860141e+00 3.774560640458186072e+02 3.753622208713680948e+02
6.664065482121254824e+00 3.628330376635065591e+02 3.653557684314873200e+02
7.365546059186651284e+00 3.488753374287286420e+02 3.543738373527155545e+02
8.067026636252046856e+00 3.358549723018493296e+02 3.424320376620870547e+02
8.768507213317441540e+00 3.232825566071078356e+02 3.295657475195507686e+02
9.469987790382836224e+00 3.122607257092567465e+02 3.158307245536124128e+02
1.017146836744823268e+01 3.007620764850777846e+02 3.013029888682502246e+02
1.087294894451362737e+01 2.896093443189660093e+02 2.860779307018940472e+02
1.157442952157902383e+01 2.770997740078909146e+02 2.702686364740517320e+02
1.227591009864441851e+01 2.623878283827343694e+02 2.540034706596805165e+02
1.297739067570981319e+01 2.440711079314612846e+02 2.374229944797688177e+02
1.367887125277520610e+01 2.237624992746506791e+02 2.206763425331060944e+02
1.438035182984060256e+01 2.031886494251552051e+02 2.039172121087732990e+02
1.508183240690599725e+01 1.837155664868901397e+02 1.872996443403238516e+02
1.578331298397139371e+01 1.657851928099790086e+02 1.709737896172563580e+02
1.648479356103678839e+01 1.488193247257100040e+02 1.550818506753766997e+02
1.718627413810218485e+01 1.324657410700727667e+02 1.397543854626000552e+02
1.788775471516758131e+01 1.171287785197387734e+02 1.251071291459205099e+02
1.858923529223297422e+01 1.030378044263982105e+02 1.112384623294807398e+02
1.929071586929837068e+01 9.065180938150352574e+01 9.822761326762295653e+01
1.999219644636376714e+01 8.041429767811871443e+01 8.613363863905738071e+01
2.069367702342916004e+01 7.211668612127893141e+01 7.499518355138857828e+01
2.139515760049455650e+01 6.553311662582520114e+01 6.483098001838985169e+01
2.209663817755994941e+01 6.000461167783790017e+01 5.564100696855186357e+01
2.279811875462534587e+01 5.488466040183509875e+01 4.740820607836005252e+01
2.349959933169074233e+01 4.959305689781722037e+01 4.010062780734153876e+01
2.420107990875613524e+01 4.407933047836058904e+01 3.367387156189855091e+01
2.490256048582153170e+01 3.844504963590553359e+01 2.807368275382810907e+01
2.560404106288692816e+01 3.274616970621297440e+01 2.323857676550204587e+01
2.630552163995232462e+01 2.707050082489095288e+01 1.910237404966619579e+01
2.700700221701772108e+01 2.160565147866105917e+01 1.559654996996505361e+01
2.770848279408311754e+01 1.657570118893628219e+01 1.265232554880645921e+01
2.840996337114851400e+01 1.221369920495615702e+01 1.020244907024346048e+01
2.911144394821390691e+01 8.631444872409026914e+00 8.182641706651963887e+00
2.981292452527929981e+01 5.878239449236922098e+00 6.532701523674433020e+00
3.051440510234469983e+01 3.839950338981178657e+00 5.197278275185652774e+00
3.121588567941009273e+01 2.382626124059065820e+00 4.126345648678835687e+00
3.191736625647548564e+01 1.403779092315979193e+00 3.275407781617843739e+00
3.261884683354088565e+01 7.802204044509588599e-01 2.605483014832543631e+00
3.332032741060628211e+01 4.153680026661397684e-01 2.082910337138628165e+00
3.402180798767167147e+01 2.121759347417268016e-01 1.679023363660860468e+00
3.472328856473707503e+01 1.080723561336082578e-01 1.369733651973092492e+00
3.542476914180246439e+01 5.196439562142095986e-02 1.135060405589797483e+00
3.612624971886786085e+01 2.460513729087168699e-02 9.586378259958507897e-01
3.682773029593325020e+01 1.205349382369841175e-02 8.272251579167573254e-01
3.752921087299865377e+01 6.045333656209528513e-03 7.302383255337190349e-01
3.823069145006404312e+01 2.987331972387043035e-03 6.593163548771485694e-01
3.893217202712943958e+01 1.640711300929255899e-03 6.079307717367896657e-01
3.963365260419483604e+01 1.199612076170477768e-03 5.710419945539513265e-01
4.033513318126023250e+01 6.887684814733850084e-04 5.448034523180922406e-01
4.103661375832562896e+01 4.044310200540339722e-04 5.263117190925470368e-01
4.173809433539102542e+01 2.623369689466682384e-04 5.133992882669815572e-01
4.243957491245642188e+01 1.123676168711492578e-04 5.044655984912367330e-01
4.314105548952181124e+01 3.240391424845305411e-05 4.983414431690391666e-01
4.384253606658720770e+01 1.752421487796854442e-05 4.941818199373813059e-01
4.454401664365260416e+01 1.218488714817489237e-05 4.913824888889450904e-01
4.524549722071800062e+01 6.373626120517470366e-06 4.895159072316914717e-01
4.594697779778338997e+01 0.000000000000000000e+00 4.882827109917116104e-01
4.664845837484879354e+01 0.000000000000000000e+00 4.874754576446491683e-01
4.734993895191418289e+01 0.000000000000000000e+00 4.869518813443107774e-01
4.805141952897957935e+01 0.000000000000000000e+00 4.866154142733307708e-01
4.875290010604497581e+01 0.000000000000000000e+00 4.864011757255468638e-01
4.945438068311037227e+01 0.000000000000000000e+00 4.862660166777459381e-01
5.015586126017576873e+01 0.000000000000000000e+00 4.861815306115602198e-01
5.085734183724115809e+01 0.000000000000000000e+00 4.861292046145422319e-01
5.155882241430655455e+01 0.000000000000000000e+00 4.860970944604616761e-01
5.226030299137195101e+01 0.000000000000000000e+00 4.860775708685025620e-01
5.296178356843735457e+01 0.000000000000000000e+00 4.860658091844811679e-01
5.366326414550273682e+01 0.000000000000000000e+00 4.860587886246889866e-01
5.436474472256814039e+01 0.000000000000000000e+00 4.860546365378297651e-01
5.506622529963353685e+01 0.000000000000000000e+00 4.860522034736902697e-01
5.576770587669892620e+01 0.000000000000000000e+00 4.860507908283295819e-01
5.646918645376432266e+01 0.000000000000000000e+00 4.860499781752594117e-01
5.717066703082972623e+01 0.000000000000000000e+00 4.860495149740984289e-01
5.787214760789511558e+01 0.000000000000000000e+00 4.860492533808553617e-01
5.857362818496051204e+01 0.000000000000000000e+00 4.860491070027990190e-01
5.927510876202590140e+01 0.000000000000000000e+00 4.860490258473646463e-01
5.997658933909129786e+01 0.000000000000000000e+00 4.860489812661228370e-01
6.067806991615670142e+01 0.000000000000000000e+00 4.860489570012305194e-01
6.137955049322208367e+01 0.000000000000000000e+00 4.860489439155060154e-01
6.208103107028748724e+01 0.000000000000000000e+00 4.860489369233675916e-01
6.278251164735288370e+01 0.000000000000000000e+00 4.860489332215820468e-01
6.348399222441827305e+01 0.000000000000000000e+00 4.860489312797540151e-01
6.418547280148366951e+01 0.000000000000000000e+00 4.860489302704991132e-01
6.488695337854906597e+01 0.000000000000000000e+00 4.860489297507797346e-01
6.558843395561446243e+01 0.000000000000000000e+00 4.860489294855767639e-01
6.628991453267985889e+01 0.000000000000000000e+00 4.860489293515115605e-01
6.699139510974525535e+01 0.000000000000000000e+00 4.860489292843510611e-01
6.769287568681065181e+01 0.000000000000000000e+00 4.860489292510408177e-01
6.839435626387604827e+01 0.000000000000000000e+00 4.860489292346414913e-01
6.909583684094144473e+01 0.000000000000000000e+00 4.860489292266549910e-01
7.014805770653953232e+01 0.000000000000000000e+00 4.860489292217096136e-01
