# Fit to erf function with parameters: B=329.80405801229045 A=328.9574590132395 R=10.341160836276845 W=7.939668366073947 
0.000000000000000000e+00 5.842084250795393245e+02 5.953528005099124130e+02
1.052220865598092914e+00 5.816611625919759945e+02 5.791456228166548499e+02
1.753701442663488264e+00 5.638823732030418796e+02 5.668392517453987693e+02
2.455182019728883169e+00 5.462712836019483120e+02 5.532997041903330455e+02
3.156662596794278741e+00 5.377140642335608618e+02 5.385191603405971819e+02
3.858143173859674313e+00 5.269301253204548630e+02 5.225092539360928185e+02
4.559623750925068997e+00 5.101721955017834489e+02 5.053024865162738593e+02
5.261104327990464569e+00 4.860238879147599391e+02 4.869530851310853450e+02
5.962584905055860141e+00 4.640860492744982935e+02 4.675372252121701422e+02
6.664065482121254824e+00 4.466543013750912223e+02 4.471525650205965690e+02
7.365546059186651284e+00 4.331641172829121729e+02 4.259170675400513346e+02
8.067026636252046856e+00 4.190663058729484192e+02 4.039671183071048404e+02
8.768507213317441540e+00 3.997195857405507695e+02 3.814549815747971024e+02
9.469987790382836224e+00 3.723887350406983501e+02 3.585456703118321684e+02
1.017146836744823268e+01 3.388047687816609823e+02 3.354133357284018757e+02
1.087294894451362737e+01 3.027497679432992186e+02 3.122373072990958462e+02
1.157442952157902383e+01 2.691669441027103744e+02 2.891979329182984202e+02
1.227591009864441851e+01 2.427393634668023594e+02 2.664723795956955428e+02
1.297739067570981319e+01 2.244427212178224806e+02 2.442305572344667155e+02
1.367887125277520610e+01 2.122424075584712000e+02 2.226313213842947221e+02
1.438035182984060256e+01 2.014567799735258973e+02 2.018190958862970206e+02
1.508183240690599725e+01 1.881922592365746709e+02 1.819210340582135643e+02
1.578331298397139371e+01 1.712978624823002463e+02 1.630448090200134175e+02
1.648479356103678839e+01 1.532581018807600231e+02 1.452770918048629483e+02
1.718627413810218485e+01 1.353191168216403071e+02 1.286827421161657412e+02
1.788775471516758131e+01 1.183058815685299265e+02 1.133047030974409211e+02
1.858923529223297422e+01 1.024233387139117752e+02 9.916456027740508716e+01
1.929071586929837068e+01 8.804535989730405277e+01 8.626369767317862625e+01
1.999219644636376714e+01 7.529800283535813321e+01 7.458496223745976295e+01
2.069367702342916004e+01 6.404562127498405744e+01 6.409473232394708475e+01
2.139515760049455650e+01 5.395096693620544670e+01 5.474527703436092452e+01
2.209663817755994941e+01 4.524314905927303698e+01 4.647729113551264390e+01
2.279811875462534587e+01 3.804404213647044486e+01 3.922249419827693373e+01
2.349959933169074233e+01 3.221249010406569369e+01 3.290619185839869942e+01
2.420107990875613524e+01 2.747807093609623408e+01 2.744971052059565864e+01
2.490256048582153170e+01 2.360739151410790626e+01 2.277263316222143885e+01
2.560404106288692816e+01 2.041413967171624932e+01 1.879478184014533326e+01
2.630552163995232462e+01 1.767491349464361505e+01 1.543791082204012355e+01
2.700700221701772108e+01 1.536678002771687801e+01 1.262709184862990242e+01
2.770848279408311754e+01 1.344728238773531181e+01 1.029178898440983403e+01
2.840996337114851400e+01 1.177183592727520889e+01 8.366634164734705337e+00
2.911144394821390691e+01 1.033349439125017355e+01 6.791925479171425195e+00
2.981292452527929981e+01 9.048418063609497963e+00 5.513878266167012043e+00
3.051440510234469983e+01 7.934207033728284841e+00 4.484664267243431368e+00
3.121588567941009273e+01 6.931498453355797729e+00 3.662276609863624799e+00
3.191736625647548564e+01 5.963575287713440254e+00 3.010258596329094871e+00
3.261884683354088565e+01 5.009646072934361705e+00 2.497332593621365504e+00
3.332032741060628211e+01 4.122840390848563352e+00 2.096962205809518309e+00
3.402180798767167147e+01 3.306425864214749044e+00 1.786876824955186294e+00
3.472328856473707503e+01 2.587572221766827774e+00 1.548583024046934042e+00
3.542476914180246439e+01 1.973309315283485743e+00 1.366882446856777733e+00
3.612624971886786085e+01 1.459043368564851617e+00 1.229411166278964629e+00
3.682773029593325020e+01 1.039634377177001356e+00 1.126211151822758438e+00
3.752921087299865377e+01 7.032693781073536821e-01 1.049340662420661374e+00
3.823069145006404312e+01 4.542262601479880035e-01 9.925271497756966710e-01
3.893217202712943958e+01 2.785874178160719916e-01 9.508636504155560942e-01
3.963365260419483604e+01 1.599454368337382415e-01 9.205476466073037045e-01
4.033513318126023250e+01 8.764030509248665890e-02 8.986599395332177664e-01
4.103661375832562896e+01 4.489624431696283280e-02 8.829801334200055862e-01
4.173809433539102542e+01 2.155291815940056296e-02 8.718347962000052576e-01
4.243957491245642188e+01 9.751227643610978213e-03 8.639741573646801953e-01
4.314105548952181124e+01 4.443827130154595455e-03 8.584732469072378080e-01
4.384253606658720770e+01 1.787708638235942227e-03 8.546535982969203360e-01
4.454401664365260416e+01 5.919455201172282291e-04 8.520219711961090070e-01
4.524549722071800062e+01 2.403757312463141262e-04 8.502229454012990573e-01
4.594697779778338997e+01 6.314785948627297542e-05 8.490026568640018922e-01
4.664845837484879354e+01 3.246307472628280323e-05 8.481813607393178245e-01
4.734993895191418289e+01 0.000000000000000000e+00 8.476328954908467495e-01
4.805141952897957935e+01 0.000000000000000000e+00 8.472694740415249726e-01
4.875290010604497581e+01 0.000000000000000000e+00 8.470305366626575960e-01
4.945438068311037227e+01 0.000000000000000000e+00 8.468746640797348846e-01
5.015586126017576873e+01 0.000000000000000000e+00 8.467737695858659208e-01
5.085734183724115809e+01 0.000000000000000000e+00 8.467089692442186788e-01
5.155882241430655455e+01 0.000000000000000000e+00 8.466676740777074883e-01
5.226030299137195101e+01 0.000000000000000000e+00 8.466415624922660754e-01
5.296178356843735457e+01 0.000000000000000000e+00 8.466251800231816560e-01
5.366326414550273682e+01 0.000000000000000000e+00 8.466149814935306495e-01
5.436474472256814039e+01 0.000000000000000000e+00 8.466086819676661435e-01
5.506622529963353685e+01 0.000000000000000000e+00 8.466048210525514151e-01
5.576770587669892620e+01 0.000000000000000000e+00 8.466024731247898671e-01
5.646918645376432266e+01 0.000000000000000000e+00 8.466010563810186795e-01
5.717066703082972623e+01 0.000000000000000000e+00 8.466002081581223138e-01
5.787214760789511558e+01 0.000000000000000000e+00 8.465997042623598645e-01
5.857362818496051204e+01 0.000000000000000000e+00 8.465994072438434159e-01
5.927510876202590140e+01 0.000000000000000000e+00 8.465992335283658576e-01
5.997658933909129786e+01 0.000000000000000000e+00 8.465991327179267500e-01
6.067806991615670142e+01 0.000000000000000000e+00 8.465990746702800607e-01
6.137955049322208367e+01 0.000000000000000000e+00 8.465990415056126039e-01
6.208103107028748724e+01 0.000000000000000000e+00 8.465990227047086591e-01
6.278251164735288370e+01 0.000000000000000000e+00 8.465990121293316406e-01
6.348399222441827305e+01 0.000000000000000000e+00 8.465990062270520866e-01
6.418547280148366951e+01 0.000000000000000000e+00 8.465990029584418153e-01
6.488695337854906597e+01 0.000000000000000000e+00 8.465990011624171530e-01
6.558843395561446243e+01 0.000000000000000000e+00 8.465990001832324197e-01
6.628991453267985889e+01 0.000000000000000000e+00 8.465989996535085993e-01
6.699139510974525535e+01 0.000000000000000000e+00 8.465989993691209747e-01
6.769287568681065181e+01 0.000000000000000000e+00 8.465989992177469503e-01
6.839435626387604827e+01 0.000000000000000000e+00 8.465989991376545731e-01
6.909583684094144473e+01 0.000000000000000000e+00 8.465989990957041300e-01
7.014805770653953232e+01 0.000000000000000000e+00 8.465989990673392640e-01
