# Fit to erf function with parameters: B=174.76896899345755 A=-173.84391047049706 R=17.501196971375958 W=-2.3488628746423426 
0.000000000000000000e+00 1.728554323001025637e+02 3.486128794639384978e+02
1.052220865598092914e+00 1.869212679398602290e+02 3.486128794635188797e+02
1.753701442663488264e+00 2.181444360716530468e+02 3.486128794604366021e+02
2.455182019728883169e+00 2.642397211508101122e+02 3.486128794379264946e+02
3.156662596794278741e+00 3.067510779852235601e+02 3.486128792874797000e+02
3.858143173859674313e+00 3.368153982843393237e+02 3.486128783672477311e+02
4.559623750925068997e+00 3.621032085067940329e+02 3.486128732158650791e+02
5.261104327990464569e+00 3.821523273598766082e+02 3.486128468242462759e+02
5.962584905055860141e+00 3.934616889539688600e+02 3.486127230793219951e+02
6.664065482121254824e+00 3.980227448330896323e+02 3.486121920589406500e+02
7.365546059186651284e+00 3.982015166331543696e+02 3.486101065090568909e+02
8.067026636252046856e+00 4.005705977169864695e+02 3.486026100081356844e+02
8.768507213317441540e+00 4.048763764995014753e+02 3.485779480177279765e+02
9.469987790382836224e+00 4.071100103649637845e+02 3.485036919598034046e+02
1.017146836744823268e+01 4.064417986005190642e+02 3.482990604718636973e+02
1.087294894451362737e+01 4.040061856969712721e+02 3.477829386314367071e+02
1.157442952157902383e+01 3.987887467814464912e+02 3.465914951891412557e+02
1.227591009864441851e+01 3.897030225988497136e+02 3.440741772373503409e+02
1.297739067570981319e+01 3.752283744239249472e+02 3.392062060795653906e+02
1.367887125277520610e+01 3.539624971355790422e+02 3.305902230499796133e+02
1.438035182984060256e+01 3.256221651335119986e+02 3.166326466265421686e+02
1.508183240690599725e+01 2.923101345020032795e+02 2.959376791058745084e+02
1.578331298397139371e+01 2.552839032861583917e+02 2.678529631251248588e+02
1.648479356103678839e+01 2.172051426034039707e+02 2.329689330096764763e+02
1.718627413810218485e+01 1.800038427755438022e+02 1.933105363330495265e+02
1.788775471516758131e+01 1.448526305781998360e+02 1.520442047321370183e+02
1.858923529223297422e+01 1.129447960298895737e+02 1.127427262473905074e+02
1.929071586929837068e+01 8.536075285079395769e+01 7.848377203199163432e+01
1.999219644636376714e+01 6.264547578732275923e+01 5.115052970321514181e+01
2.069367702342916004e+01 4.468374142779538971e+01 3.119057910473350148e+01
2.139515760049455650e+01 3.083738271052734703e+01 1.784989093163392226e+01
2.209663817755994941e+01 2.064134188449157392e+01 9.688833295690074010e+00
2.279811875462534587e+01 1.341435608397318902e+01 5.119394527084239144e+00
2.349959933169074233e+01 8.466450354240006249e+00 2.777722668692632624e+00
2.420107990875613524e+01 5.202105964184261744e+00 1.679388953886331137e+00
2.490256048582153170e+01 3.087340373799984050e+00 1.207884453148096782e+00
2.560404106288692816e+01 1.792386186959126437e+00 1.022625770584852489e+00
2.630552163995232462e+01 1.013800829241078061e+00 9.560049057416506457e-01
2.700700221701772108e+01 5.640363977602279588e-01 9.340779412351309929e-01
2.770848279408311754e+01 3.121870087454824971e-01 9.274728209783802413e-01
2.840996337114851400e+01 1.704229544426926479e-01 9.256518032827898423e-01
2.911144394821390691e+01 8.836668233183488097e-02 9.251923134300170659e-01
2.981292452527929981e+01 4.464842736833667808e-02 9.250862018056977831e-01
3.051440510234469983e+01 2.268113233935535947e-02 9.250637747582857173e-01
3.121588567941009273e+01 1.148356359948897280e-02 9.250594366534983237e-01
3.191736625647548564e+01 5.625628312684301767e-03 9.250586686850965634e-01
3.261884683354088565e+01 2.754214618320548463e-03 9.250585442626970689e-01
3.332032741060628211e+01 1.140010319870046794e-03 9.250585258141370559e-01
3.402180798767167147e+01 5.550548356039984588e-04 9.250585233107528893e-01
3.472328856473707503e+01 2.895410337152551274e-04 9.250585229998762316e-01
3.542476914180246439e+01 9.930567074595667324e-05 9.250585229645480467e-01
3.612624971886786085e+01 1.829400449973999848e-05 9.250585229608816462e-01
3.682773029593325020e+01 1.635490869696759971e-05 9.250585229605121640e-01
3.752921087299865377e+01 8.542786805917794150e-06 9.250585229604837423e-01
3.823069145006404312e+01 0.000000000000000000e+00 9.250585229604837423e-01
3.893217202712943958e+01 0.000000000000000000e+00 9.250585229604837423e-01
3.963365260419483604e+01 0.000000000000000000e+00 9.250585229604837423e-01
4.033513318126023250e+01 0.000000000000000000e+00 9.250585229604837423e-01
4.103661375832562896e+01 0.000000000000000000e+00 9.250585229604837423e-01
4.173809433539102542e+01 0.000000000000000000e+00 9.250585229604837423e-01
4.243957491245642188e+01 0.000000000000000000e+00 9.250585229604837423e-01
4.314105548952181124e+01 0.000000000000000000e+00 9.250585229604837423e-01
4.384253606658720770e+01 0.000000000000000000e+00 9.250585229604837423e-01
4.454401664365260416e+01 0.000000000000000000e+00 9.250585229604837423e-01
4.524549722071800062e+01 0.000000000000000000e+00 9.250585229604837423e-01
4.594697779778338997e+01 0.000000000000000000e+00 9.250585229604837423e-01
4.664845837484879354e+01 0.000000000000000000e+00 9.250585229604837423e-01
4.734993895191418289e+01 0.000000000000000000e+00 9.250585229604837423e-01
4.805141952897957935e+01 0.000000000000000000e+00 9.250585229604837423e-01
4.875290010604497581e+01 0.000000000000000000e+00 9.250585229604837423e-01
4.945438068311037227e+01 0.000000000000000000e+00 9.250585229604837423e-01
5.015586126017576873e+01 0.000000000000000000e+00 9.250585229604837423e-01
5.085734183724115809e+01 0.000000000000000000e+00 9.250585229604837423e-01
5.155882241430655455e+01 0.000000000000000000e+00 9.250585229604837423e-01
5.226030299137195101e+01 0.000000000000000000e+00 9.250585229604837423e-01
5.296178356843735457e+01 0.000000000000000000e+00 9.250585229604837423e-01
5.366326414550273682e+01 0.000000000000000000e+00 9.250585229604837423e-01
5.436474472256814039e+01 0.000000000000000000e+00 9.250585229604837423e-01
5.506622529963353685e+01 0.000000000000000000e+00 9.250585229604837423e-01
5.576770587669892620e+01 0.000000000000000000e+00 9.250585229604837423e-01
5.646918645376432266e+01 0.000000000000000000e+00 9.250585229604837423e-01
5.717066703082972623e+01 0.000000000000000000e+00 9.250585229604837423e-01
5.787214760789511558e+01 0.000000000000000000e+00 9.250585229604837423e-01
5.857362818496051204e+01 0.000000000000000000e+00 9.250585229604837423e-01
5.927510876202590140e+01 0.000000000000000000e+00 9.250585229604837423e-01
5.997658933909129786e+01 0.000000000000000000e+00 9.250585229604837423e-01
6.067806991615670142e+01 0.000000000000000000e+00 9.250585229604837423e-01
6.137955049322208367e+01 0.000000000000000000e+00 9.250585229604837423e-01
6.208103107028748724e+01 0.000000000000000000e+00 9.250585229604837423e-01
6.278251164735288370e+01 0.000000000000000000e+00 9.250585229604837423e-01
6.348399222441827305e+01 0.000000000000000000e+00 9.250585229604837423e-01
6.418547280148366951e+01 0.000000000000000000e+00 9.250585229604837423e-01
6.488695337854906597e+01 0.000000000000000000e+00 9.250585229604837423e-01
6.558843395561446243e+01 0.000000000000000000e+00 9.250585229604837423e-01
6.628991453267985889e+01 0.000000000000000000e+00 9.250585229604837423e-01
6.699139510974525535e+01 0.000000000000000000e+00 9.250585229604837423e-01
6.769287568681065181e+01 0.000000000000000000e+00 9.250585229604837423e-01
6.839435626387604827e+01 0.000000000000000000e+00 9.250585229604837423e-01
6.909583684094144473e+01 0.000000000000000000e+00 9.250585229604837423e-01
7.014805770653953232e+01 0.000000000000000000e+00 9.250585229604837423e-01
