# 	r			Protein
0.000000000000000000e+00 3.692476930001907516e+06
1.052220865598092914e+01 2.354711168997878581e+07
1.753701442663488308e+01 5.400008281023073941e+07
2.455182019728883347e+01 8.829665179013225436e+07
3.156662596794278741e+01 1.359003137593991756e+08
3.858143173859674135e+01 2.090208770661447048e+08
4.559623750925069174e+01 3.110154235145795941e+08
5.261104327990464924e+01 4.275718797573522329e+08
5.962584905055859963e+01 5.424423276319900751e+08
6.664065482121255002e+01 6.505057970213737488e+08
7.365546059186651462e+01 7.538998908490247726e+08
8.067026636252046501e+01 8.555957957548691034e+08
8.768507213317441540e+01 9.601847629679087400e+08
9.469987790382836579e+01 1.059316015332052350e+09
1.017146836744823304e+02 1.148804974150220871e+09
1.087294894451362808e+02 1.228170106790553808e+09
1.157442952157902312e+02 1.298503500654531479e+09
1.227591009864441816e+02 1.362149432842253447e+09
1.297739067570981319e+02 1.414766488615783453e+09
1.367887125277520681e+02 1.447970674067894697e+09
1.438035182984060327e+02 1.451114120366869926e+09
1.508183240690599689e+02 1.423966349381674528e+09
1.578331298397139335e+02 1.376218925215245485e+09
1.648479356103678981e+02 1.311646710298780918e+09
1.718627413810218343e+02 1.223323635475965738e+09
1.788775471516757989e+02 1.111459219461298466e+09
1.858923529223297351e+02 9.884348417087788582e+08
1.929071586929836997e+02 8.636374845973548889e+08
1.999219644636376643e+02 7.459448477186107635e+08
2.069367702342916004e+02 6.360687781707125902e+08
2.139515760049455650e+02 5.333330704142082930e+08
2.209663817755995012e+02 4.355425376414593458e+08
2.279811875462534658e+02 3.431016176090192199e+08
2.349959933169074304e+02 2.557467124760916233e+08
2.420107990875613666e+02 1.773256300383469462e+08
2.490256048582153312e+02 1.139990372793170214e+08
2.560404106288692674e+02 6.907162921006974578e+07
2.630552163995232604e+02 4.025173296999396384e+07
2.700700221701771966e+02 2.302894552997663617e+07
2.770848279408311896e+02 1.292525911998890899e+07
2.840996337114851258e+02 7.081266080000796355e+06
2.911144394821390620e+02 3.688080350001624785e+06
2.981292452527929981e+02 1.906083690000314265e+06
3.051440510234469912e+02 9.316864599999015918e+05
3.121588567941009273e+02 4.414766799999974901e+05
3.191736625647548635e+02 2.079887200000002631e+05
3.261884683354088565e+02 1.022258700000004756e+05
3.332032741060627927e+02 4.435462000000008265e+04
3.402180798767167289e+02 1.997017000000001281e+04
3.472328856473707219e+02 1.509557000000001426e+04
3.542476914180246581e+02 7.835910000000001673e+03
3.612624971886785943e+02 4.347069999999997890e+03
3.682773029593325305e+02 1.740150000000000091e+03
3.752921087299865235e+02 1.899049999999999727e+03
3.823069145006404597e+02 6.107400000000001228e+02
3.893217202712943958e+02 7.107999999999999829e+01
3.963365260419483889e+02 0.000000000000000000e+00
4.033513318126023250e+02 0.000000000000000000e+00
4.103661375832562612e+02 0.000000000000000000e+00
4.173809433539102542e+02 0.000000000000000000e+00
4.243957491245641904e+02 0.000000000000000000e+00
4.314105548952181266e+02 0.000000000000000000e+00
4.384253606658720628e+02 0.000000000000000000e+00
4.454401664365260558e+02 0.000000000000000000e+00
4.524549722071799920e+02 0.000000000000000000e+00
4.594697779778339282e+02 0.000000000000000000e+00
4.664845837484879212e+02 0.000000000000000000e+00
4.734993895191418574e+02 0.000000000000000000e+00
4.805141952897957935e+02 0.000000000000000000e+00
4.875290010604497297e+02 0.000000000000000000e+00
4.945438068311037227e+02 0.000000000000000000e+00
5.015586126017576589e+02 0.000000000000000000e+00
5.085734183724115951e+02 0.000000000000000000e+00
5.155882241430655313e+02 0.000000000000000000e+00
5.226030299137195243e+02 0.000000000000000000e+00
5.296178356843735173e+02 0.000000000000000000e+00
5.366326414550273967e+02 0.000000000000000000e+00
5.436474472256813897e+02 0.000000000000000000e+00
5.506622529963353827e+02 0.000000000000000000e+00
5.576770587669892620e+02 0.000000000000000000e+00
5.646918645376432551e+02 0.000000000000000000e+00
5.717066703082972481e+02 0.000000000000000000e+00
5.787214760789511274e+02 0.000000000000000000e+00
5.857362818496051204e+02 0.000000000000000000e+00
5.927510876202589998e+02 0.000000000000000000e+00
5.997658933909129928e+02 0.000000000000000000e+00
6.067806991615669858e+02 0.000000000000000000e+00
6.137955049322208652e+02 0.000000000000000000e+00
6.208103107028748582e+02 0.000000000000000000e+00
6.278251164735288512e+02 0.000000000000000000e+00
6.348399222441827305e+02 0.000000000000000000e+00
6.418547280148367236e+02 0.000000000000000000e+00
6.488695337854907166e+02 0.000000000000000000e+00
6.558843395561445959e+02 0.000000000000000000e+00
6.628991453267985889e+02 0.000000000000000000e+00
6.699139510974525820e+02 0.000000000000000000e+00
6.769287568681064613e+02 0.000000000000000000e+00
6.839435626387604543e+02 0.000000000000000000e+00
6.909583684094144473e+02 0.000000000000000000e+00
7.014805770653953232e+02 0.000000000000000000e+00
