# Fit to erf function with parameters: B=215.2156895387755 A=215.0099304904414 R=15.754040879893715 W=4.694437344933247 
0.000000000000000000e+00 4.136907097025855364e+02 4.300555289598801210e+02
1.052220865598092914e+00 4.214965679770720612e+02 4.298520063606091526e+02
1.753701442663488264e+00 4.263161220301967660e+02 4.296105457936780567e+02
2.455182019728883169e+00 4.330007320632030314e+02 4.292338178344861035e+02
3.156662596794278741e+00 4.345863836791580752e+02 4.286590001732968176e+02
3.858143173859674313e+00 4.349327926045905315e+02 4.278012654656700420e+02
4.559623750925068997e+00 4.312445003345275154e+02 4.265495762498231898e+02
5.261104327990464569e+00 4.275692470654852855e+02 4.247632503366905894e+02
5.962584905055860141e+00 4.228013889390172153e+02 4.222701166808832340e+02
6.664065482121254824e+00 4.177668860394193189e+02 4.188672015861264981e+02
7.365546059186651284e+00 4.120177372459115190e+02 4.143248853539914762e+02
8.067026636252046856e+00 4.051524738496224245e+02 4.083952999082000588e+02
8.768507213317441540e+00 3.976621438503526065e+02 4.008253671726122320e+02
9.469987790382836224e+00 3.905312252845249645e+02 3.913743088671110399e+02
1.017146836744823268e+01 3.830689865001810404e+02 3.798347393879624292e+02
1.087294894451362737e+01 3.738809665255192272e+02 3.660556816380122882e+02
1.157442952157902383e+01 3.610467403802323361e+02 3.499651574902321727e+02
1.227591009864441851e+01 3.424487243967018912e+02 3.315895533702426405e+02
1.297739067570981319e+01 3.177084945519764574e+02 3.110668849143357306e+02
1.367887125277520610e+01 2.879493776158510627e+02 2.886514687924250211e+02
1.438035182984060256e+01 2.565109883325387159e+02 2.647083589081942705e+02
1.508183240690599725e+01 2.270307408352438188e+02 2.396971265340702075e+02
1.578331298397139371e+01 2.016001723679786437e+02 2.141459792831535935e+02
1.648479356103678839e+01 1.797682695134452899e+02 1.886185841705016628e+02
1.718627413810218485e+01 1.598276835655835839e+02 1.636770376923105914e+02
1.788775471516758131e+01 1.409450544014306672e+02 1.398450077075345916e+02
1.858923529223297422e+01 1.222747570704047888e+02 1.175750457875844432e+02
1.929071586929837068e+01 1.034118619184237247e+02 9.722343967414012411e+01
1.999219644636376714e+01 8.509920454103085774e+01 7.903486465053657639e+01
2.069367702342916004e+01 6.823086675687157765e+01 6.313770882762173642e+01
2.139515760049455650e+01 5.339124424643287625e+01 4.954953952071306844e+01
2.209663817755994941e+01 4.089528125914040402e+01 3.819098088309559103e+01
2.279811875462534587e+01 3.071066298680877793e+01 2.890546047883071878e+01
2.349959933169074233e+01 2.258141748728557729e+01 2.148193823401553004e+01
2.420107990875613524e+01 1.634133260474785843e+01 1.567784323538862168e+01
2.490256048582153170e+01 1.161626732507277282e+01 1.123992054450837941e+01
2.560404106288692816e+01 8.100424914573268964e+00 7.921391182671499109e+00
2.630552163995232462e+01 5.482551707698009480e+00 5.494600623793928662e+00
2.700700221701772108e+01 3.615967958463295329e+00 3.759040687055829721e+00
2.770848279408311754e+01 2.331393088097783561e+00 2.545183454528512357e+00
2.840996337114851400e+01 1.474159551682191038e+00 1.714919346125498123e+00
2.911144394821390691e+01 9.207257257959305941e-01 1.159545322422616209e+00
2.981292452527929981e+01 5.609859088980615471e-01 7.962368797367957995e-01
3.051440510234469983e+01 3.350624033939781921e-01 5.638101724760247180e-01
3.121588567941009273e+01 1.953064984392097747e-01 4.183925086210251720e-01
3.191736625647548564e+01 1.121236018068481194e-01 3.294173291298818640e-01
3.261884683354088565e+01 6.233207639714867521e-02 2.761769501224762280e-01
3.332032741060628211e+01 3.476391960167915518e-02 2.450215064551457544e-01
3.402180798767167147e+01 1.834091888915544144e-02 2.271916742196822270e-01
3.472328856473707503e+01 9.594810179092723781e-03 2.172128110760525033e-01
3.542476914180246439e+01 4.522344731749059106e-03 2.117510166943645800e-01
3.612624971886786085e+01 2.164576251837139770e-03 2.088274697427152660e-01
3.682773029593325020e+01 1.025009181733479730e-03 2.072970688099360359e-01
3.752921087299865377e+01 5.130136330272167889e-04 2.065136017034205906e-01
3.823069145006404312e+01 1.930962837481847748e-04 2.061213573644522512e-01
3.893217202712943958e+01 1.294417807813980277e-04 2.059293079685744488e-01
3.963365260419483604e+01 6.425841869308740993e-05 2.058373499673677998e-01
4.033513318126023250e+01 2.038014710291270076e-05 2.057942887415435962e-01
4.103661375832562896e+01 1.621332111274255883e-05 2.057745688958334540e-01
4.173809433539102542e+01 3.407868135602971736e-05 2.057657372658070472e-01
4.243957491245642188e+01 1.262589690421781483e-05 2.057618691593177118e-01
4.314105548952181124e+01 5.756809412779650982e-06 2.057602123362585189e-01
4.384253606658720770e+01 0.000000000000000000e+00 2.057595183130445093e-01
4.454401664365260416e+01 0.000000000000000000e+00 2.057592340031817457e-01
4.524549722071800062e+01 0.000000000000000000e+00 2.057591201015611659e-01
4.594697779778338997e+01 0.000000000000000000e+00 2.057590754755267426e-01
4.664845837484879354e+01 0.000000000000000000e+00 2.057590583767137105e-01
4.734993895191418289e+01 0.000000000000000000e+00 2.057590519695793319e-01
4.805141952897957935e+01 0.000000000000000000e+00 2.057590496216619158e-01
4.875290010604497581e+01 0.000000000000000000e+00 2.057590487802372081e-01
4.945438068311037227e+01 0.000000000000000000e+00 2.057590484853335511e-01
5.015586126017576873e+01 0.000000000000000000e+00 2.057590483842659523e-01
5.085734183724115809e+01 0.000000000000000000e+00 2.057590483503872747e-01
5.155882241430655455e+01 0.000000000000000000e+00 2.057590483392459646e-01
5.226030299137195101e+01 0.000000000000000000e+00 2.057590483356932509e-01
5.296178356843735457e+01 0.000000000000000000e+00 2.057590483345848043e-01
5.366326414550273682e+01 0.000000000000000000e+00 2.057590483342437437e-01
5.436474472256814039e+01 0.000000000000000000e+00 2.057590483341584786e-01
5.506622529963353685e+01 0.000000000000000000e+00 2.057590483341300569e-01
5.576770587669892620e+01 0.000000000000000000e+00 2.057590483341016352e-01
5.646918645376432266e+01 0.000000000000000000e+00 2.057590483341016352e-01
5.717066703082972623e+01 0.000000000000000000e+00 2.057590483341016352e-01
5.787214760789511558e+01 0.000000000000000000e+00 2.057590483341016352e-01
5.857362818496051204e+01 0.000000000000000000e+00 2.057590483341016352e-01
5.927510876202590140e+01 0.000000000000000000e+00 2.057590483341016352e-01
5.997658933909129786e+01 0.000000000000000000e+00 2.057590483341016352e-01
6.067806991615670142e+01 0.000000000000000000e+00 2.057590483341016352e-01
6.137955049322208367e+01 0.000000000000000000e+00 2.057590483341016352e-01
6.208103107028748724e+01 0.000000000000000000e+00 2.057590483341016352e-01
6.278251164735288370e+01 0.000000000000000000e+00 2.057590483341016352e-01
6.348399222441827305e+01 0.000000000000000000e+00 2.057590483341016352e-01
6.418547280148366951e+01 0.000000000000000000e+00 2.057590483341016352e-01
6.488695337854906597e+01 0.000000000000000000e+00 2.057590483341016352e-01
6.558843395561446243e+01 0.000000000000000000e+00 2.057590483341016352e-01
6.628991453267985889e+01 0.000000000000000000e+00 2.057590483341016352e-01
6.699139510974525535e+01 0.000000000000000000e+00 2.057590483341016352e-01
6.769287568681065181e+01 0.000000000000000000e+00 2.057590483341016352e-01
6.839435626387604827e+01 0.000000000000000000e+00 2.057590483341016352e-01
6.909583684094144473e+01 0.000000000000000000e+00 2.057590483341016352e-01
7.014805770653953232e+01 0.000000000000000000e+00 2.057590483341016352e-01
