# 	r			Protein
0.000000000000000000e+00 7.525748799999336479e+05
1.052220865598092914e+01 5.696701240001155995e+06
1.753701442663488308e+01 1.804531330997354165e+07
2.455182019728883347e+01 4.256635982008561492e+07
3.156662596794278741e+01 8.146716774009664357e+07
3.858143173859674135e+01 1.334442962893752456e+08
4.559623750925069174e+01 2.002178435068921745e+08
5.261104327990464924e+01 2.811835430053815842e+08
5.962584905055859963e+01 3.717310779981632233e+08
6.664065482121255002e+01 4.696170614100142121e+08
7.365546059186651462e+01 5.738489469226417542e+08
8.067026636252046501e+01 6.923668414831120968e+08
8.768507213317441540e+01 8.267267034867093563e+08
9.469987790382836579e+01 9.695401378297342062e+08
1.017146836744823304e+02 1.116591735874548435e+09
1.087294894451362808e+02 1.268206470738049030e+09
1.157442952157902312e+02 1.418507500898919106e+09
1.227591009864441816e+02 1.559250783956287622e+09
1.297739067570981319e+02 1.677771453952501059e+09
1.367887125277520681e+02 1.758367225018887997e+09
1.438035182984060327e+02 1.787704493181341410e+09
1.508183240690599689e+02 1.765171957031569481e+09
1.578331298397139335e+02 1.688293276316191673e+09
1.648479356103678981e+02 1.566965004509470224e+09
1.718627413810218343e+02 1.411439199805981874e+09
1.788775471516757989e+02 1.230411386077816010e+09
1.858923529223297351e+02 1.036089915142510772e+09
1.929071586929836997e+02 8.432559574141633511e+08
1.999219644636376643e+02 6.646789522867031097e+08
2.069367702342916004e+02 5.079524825928536057e+08
2.139515760049455650e+02 3.747175488896063566e+08
2.209663817755995012e+02 2.675367501379867196e+08
2.279811875462534658e+02 1.850796864687700272e+08
2.349959933169074304e+02 1.241112552091763616e+08
2.420107990875613666e+02 8.087899198980323970e+07
2.490256048582153312e+02 5.082271655999951810e+07
2.560404106288692674e+02 3.119122431997359544e+07
2.630552163995232604e+02 1.862210850998302177e+07
2.700700221701771966e+02 1.092046031999537162e+07
2.770848279408311896e+02 6.362388040000896901e+06
2.840996337114851258e+02 3.651305240001505706e+06
2.911144394821390620e+02 1.987896170000345912e+06
2.981292452527929981e+02 1.053396819999882719e+06
3.051440510234469912e+02 5.605964099999952596e+05
3.121588567941009273e+02 2.970317799999985145e+05
3.191736625647548635e+02 1.521245300000004936e+05
3.261884683354088565e+02 7.778724000000015076e+04
3.332032741060627927e+02 3.359696000000002823e+04
3.402180798767167289e+02 1.705386000000001513e+04
3.472328856473707219e+02 9.266659999999998035e+03
3.542476914180246581e+02 3.307949999999998909e+03
3.612624971886785943e+02 6.337599999999999909e+02
3.682773029593325305e+02 5.887999999999999545e+02
3.752921087299865235e+02 3.193799999999999955e+02
3.823069145006404597e+02 0.000000000000000000e+00
3.893217202712943958e+02 0.000000000000000000e+00
3.963365260419483889e+02 0.000000000000000000e+00
4.033513318126023250e+02 0.000000000000000000e+00
4.103661375832562612e+02 0.000000000000000000e+00
4.173809433539102542e+02 0.000000000000000000e+00
4.243957491245641904e+02 0.000000000000000000e+00
4.314105548952181266e+02 0.000000000000000000e+00
4.384253606658720628e+02 0.000000000000000000e+00
4.454401664365260558e+02 0.000000000000000000e+00
4.524549722071799920e+02 0.000000000000000000e+00
4.594697779778339282e+02 0.000000000000000000e+00
4.664845837484879212e+02 0.000000000000000000e+00
4.734993895191418574e+02 0.000000000000000000e+00
4.805141952897957935e+02 0.000000000000000000e+00
4.875290010604497297e+02 0.000000000000000000e+00
4.945438068311037227e+02 0.000000000000000000e+00
5.015586126017576589e+02 0.000000000000000000e+00
5.085734183724115951e+02 0.000000000000000000e+00
5.155882241430655313e+02 0.000000000000000000e+00
5.226030299137195243e+02 0.000000000000000000e+00
5.296178356843735173e+02 0.000000000000000000e+00
5.366326414550273967e+02 0.000000000000000000e+00
5.436474472256813897e+02 0.000000000000000000e+00
5.506622529963353827e+02 0.000000000000000000e+00
5.576770587669892620e+02 0.000000000000000000e+00
5.646918645376432551e+02 0.000000000000000000e+00
5.717066703082972481e+02 0.000000000000000000e+00
5.787214760789511274e+02 0.000000000000000000e+00
5.857362818496051204e+02 0.000000000000000000e+00
5.927510876202589998e+02 0.000000000000000000e+00
5.997658933909129928e+02 0.000000000000000000e+00
6.067806991615669858e+02 0.000000000000000000e+00
6.137955049322208652e+02 0.000000000000000000e+00
6.208103107028748582e+02 0.000000000000000000e+00
6.278251164735288512e+02 0.000000000000000000e+00
6.348399222441827305e+02 0.000000000000000000e+00
6.418547280148367236e+02 0.000000000000000000e+00
6.488695337854907166e+02 0.000000000000000000e+00
6.558843395561445959e+02 0.000000000000000000e+00
6.628991453267985889e+02 0.000000000000000000e+00
6.699139510974525820e+02 0.000000000000000000e+00
6.769287568681064613e+02 0.000000000000000000e+00
6.839435626387604543e+02 0.000000000000000000e+00
6.909583684094144473e+02 0.000000000000000000e+00
7.014805770653953232e+02 0.000000000000000000e+00
