# 	r			Protein
0.000000000000000000e+00 1.740244850000261329e+06
1.052220865598092914e+01 1.244774529999144934e+07
1.753701442663488308e+01 3.443419280998180062e+07
2.455182019728883347e+01 6.739875453998902440e+07
3.156662596794278741e+01 1.113318932591701746e+08
3.858143173859674135e+01 1.636857777491088212e+08
4.559623750925069174e+01 2.227201537089084089e+08
5.261104327990464924e+01 2.878230143489406109e+08
5.962584905055859963e+01 3.566094324398404360e+08
6.664065482121255002e+01 4.280976078426344395e+08
7.365546059186651462e+01 5.027648982442081571e+08
8.067026636252046501e+01 5.805090231143760681e+08
8.768507213317441540e+01 6.601183418733714819e+08
9.469987790382836579e+01 7.436547845422875881e+08
1.017146836744823304e+02 8.262645481445269585e+08
1.087294894451362808e+02 9.091059925676524639e+08
1.157442952157902312e+02 9.856549641883627176e+08
1.227591009864441816e+02 1.049846686787217021e+09
1.297739067570981319e+02 1.091323485998759985e+09
1.367887125277520681e+02 1.111577209723864794e+09
1.438035182984060327e+02 1.115529900711340666e+09
1.508183240690599689e+02 1.109402404351481199e+09
1.578331298397139335e+02 1.096402956594274998e+09
1.648479356103678981e+02 1.073614883353429079e+09
1.718627413810218343e+02 1.038685267462813139e+09
1.788775471516757989e+02 9.949186435400689840e+08
1.858923529223297351e+02 9.452089321261481047e+08
1.929071586929836997e+02 8.955248841928997040e+08
1.999219644636376643e+02 8.532091177824424505e+08
2.069367702342916004e+02 8.198026526240366697e+08
2.139515760049455650e+02 7.963194887075419426e+08
2.209663817755995012e+02 7.777323243525190353e+08
2.279811875462534658e+02 7.572510879782651663e+08
2.349959933169074304e+02 7.269937557911431789e+08
2.420107990875613666e+02 6.853170314523293972e+08
2.490256048582153312e+02 6.328689500393012762e+08
2.560404106288692674e+02 5.698510356516736746e+08
2.630552163995232604e+02 4.972473776314388514e+08
2.700700221701771966e+02 4.183128262596044540e+08
2.770848279408311896e+02 3.378136823274934888e+08
2.840996337114851258e+02 2.616780354072239399e+08
2.911144394821390620e+02 1.941729139382836819e+08
2.981292452527929981e+02 1.386861555490149260e+08
3.051440510234469912e+02 9.490982823974369466e+07
3.121588567941009273e+02 6.162857658011800796e+07
3.191736625647548635e+02 3.796006824000417441e+07
3.261884683354088565e+02 2.203575256997651979e+07
3.332032741060627927e+02 1.224120687999121472e+07
3.402180798767167289e+02 6.519029210000602528e+06
3.472328856473707219e+02 3.458818140001332853e+06
3.542476914180246581e+02 1.730974890000209911e+06
3.612624971886785943e+02 8.523968499999255873e+05
3.682773029593325305e+02 4.339429399999960442e+05
3.752921087299865235e+02 2.260103999999995576e+05
3.823069145006404597e+02 1.158981800000008661e+05
3.893217202712943958e+02 6.601122999999999593e+04
3.963365260419483889e+02 5.001923000000009779e+04
4.033513318126023250e+02 2.974458000000002357e+04
4.103661375832562612e+02 1.807818000000002212e+04
4.173809433539102542e+02 1.213086000000001332e+04
4.243957491245641904e+02 5.372170000000000073e+03
4.314105548952181266e+02 1.600829999999999927e+03
4.384253606658720628e+02 8.941200000000000045e+02
4.454401664365260558e+02 6.417500000000000000e+02
4.524549722071799920e+02 3.463400000000000318e+02
4.594697779778339282e+02 0.000000000000000000e+00
4.664845837484879212e+02 0.000000000000000000e+00
4.734993895191418574e+02 0.000000000000000000e+00
4.805141952897957935e+02 0.000000000000000000e+00
4.875290010604497297e+02 0.000000000000000000e+00
4.945438068311037227e+02 0.000000000000000000e+00
5.015586126017576589e+02 0.000000000000000000e+00
5.085734183724115951e+02 0.000000000000000000e+00
5.155882241430655313e+02 0.000000000000000000e+00
5.226030299137195243e+02 0.000000000000000000e+00
5.296178356843735173e+02 0.000000000000000000e+00
5.366326414550273967e+02 0.000000000000000000e+00
5.436474472256813897e+02 0.000000000000000000e+00
5.506622529963353827e+02 0.000000000000000000e+00
5.576770587669892620e+02 0.000000000000000000e+00
5.646918645376432551e+02 0.000000000000000000e+00
5.717066703082972481e+02 0.000000000000000000e+00
5.787214760789511274e+02 0.000000000000000000e+00
5.857362818496051204e+02 0.000000000000000000e+00
5.927510876202589998e+02 0.000000000000000000e+00
5.997658933909129928e+02 0.000000000000000000e+00
6.067806991615669858e+02 0.000000000000000000e+00
6.137955049322208652e+02 0.000000000000000000e+00
6.208103107028748582e+02 0.000000000000000000e+00
6.278251164735288512e+02 0.000000000000000000e+00
6.348399222441827305e+02 0.000000000000000000e+00
6.418547280148367236e+02 0.000000000000000000e+00
6.488695337854907166e+02 0.000000000000000000e+00
6.558843395561445959e+02 0.000000000000000000e+00
6.628991453267985889e+02 0.000000000000000000e+00
6.699139510974525820e+02 0.000000000000000000e+00
6.769287568681064613e+02 0.000000000000000000e+00
6.839435626387604543e+02 0.000000000000000000e+00
6.909583684094144473e+02 0.000000000000000000e+00
7.014805770653953232e+02 0.000000000000000000e+00
