# 	r			Protein
0.000000000000000000e+00 1.801119190000290284e+06
1.052220865598092914e+01 1.284572936999206059e+07
1.753701442663488308e+01 3.526566218998555094e+07
2.455182019728883347e+01 6.975206029998596013e+07
3.156662596794278741e+01 1.154177584290590137e+08
3.858143173859674135e+01 1.723178356391403675e+08
4.559623750925069174e+01 2.384481602282359302e+08
5.261104327990464924e+01 3.146008205696442723e+08
5.962584905055859963e+01 3.994503670923058987e+08
6.664065482121255002e+01 4.929126787930589914e+08
7.365546059186651462e+01 5.937595281683322191e+08
8.067026636252046501e+01 7.002863920544732809e+08
8.768507213317441540e+01 8.119957902440484762e+08
9.469987790382836579e+01 9.300574497044080496e+08
1.017146836744823304e+02 1.052381093845978379e+09
1.087294894451362808e+02 1.173641092191361666e+09
1.157442952157902312e+02 1.284257676621811152e+09
1.227591009864441816e+02 1.370180396393887520e+09
1.297739067570981319e+02 1.420580849345124960e+09
1.367887125277520681e+02 1.430436139878295660e+09
1.438035182984060327e+02 1.408275896097074270e+09
1.508183240690599689e+02 1.370969562137189388e+09
1.578331298397139335e+02 1.333261561468369007e+09
1.648479356103678981e+02 1.296887283019517660e+09
1.718627413810218343e+02 1.253234677217126369e+09
1.788775471516757989e+02 1.197219539987954378e+09
1.858923529223297351e+02 1.121677555144907713e+09
1.929071586929836997e+02 1.021578017035853386e+09
1.999219644636376643e+02 9.029167614081834555e+08
2.069367702342916004e+02 7.756297268575677872e+08
2.139515760049455650e+02 6.487786711341006756e+08
2.209663817755995012e+02 5.300522953049681187e+08
2.279811875462534658e+02 4.237191737915393710e+08
2.349959933169074304e+02 3.310251582997719646e+08
2.420107990875613666e+02 2.540645111694418490e+08
2.490256048582153312e+02 1.912229266191058755e+08
2.560404106288692674e+02 1.409641362089560926e+08
2.630552163995232604e+02 1.007068349793851376e+08
2.700700221701771966e+02 7.000972767994923890e+07
2.770848279408311896e+02 4.751391660998686403e+07
2.840996337114851258e+02 3.158381165998057649e+07
2.911144394821390620e+02 2.071263846997608244e+07
2.981292452527929981e+02 1.323542187998852693e+07
3.051440510234469912e+02 8.281543339999443851e+06
3.121588567941009273e+02 5.051762580001472495e+06
3.191736625647548635e+02 3.031972480001126416e+06
3.261884683354088565e+02 1.760443850000305567e+06
3.332032741060627927e+02 1.024518809999869904e+06
3.402180798767167289e+02 5.635181299999820767e+05
3.472328856473707219e+02 3.070785599999977858e+05
3.542476914180246581e+02 1.506428600000005099e+05
3.612624971886785943e+02 7.498751000000041677e+04
3.682773029593325305e+02 3.690179000000005180e+04
3.752921087299865235e+02 1.917949000000002707e+04
3.823069145006404597e+02 7.491469999999998436e+03
3.893217202712943958e+02 5.207869999999999891e+03
3.963365260419483889e+02 2.679329999999999472e+03
4.033513318126023250e+02 8.801200000000000045e+02
4.103661375832562612e+02 7.247400000000001228e+02
4.173809433539102542e+02 1.575849999999999454e+03
4.243957491245641904e+02 6.036299999999999955e+02
4.314105548952181266e+02 2.843999999999999773e+02
4.384253606658720628e+02 0.000000000000000000e+00
4.454401664365260558e+02 0.000000000000000000e+00
4.524549722071799920e+02 0.000000000000000000e+00
4.594697779778339282e+02 0.000000000000000000e+00
4.664845837484879212e+02 0.000000000000000000e+00
4.734993895191418574e+02 0.000000000000000000e+00
4.805141952897957935e+02 0.000000000000000000e+00
4.875290010604497297e+02 0.000000000000000000e+00
4.945438068311037227e+02 0.000000000000000000e+00
5.015586126017576589e+02 0.000000000000000000e+00
5.085734183724115951e+02 0.000000000000000000e+00
5.155882241430655313e+02 0.000000000000000000e+00
5.226030299137195243e+02 0.000000000000000000e+00
5.296178356843735173e+02 0.000000000000000000e+00
5.366326414550273967e+02 0.000000000000000000e+00
5.436474472256813897e+02 0.000000000000000000e+00
5.506622529963353827e+02 0.000000000000000000e+00
5.576770587669892620e+02 0.000000000000000000e+00
5.646918645376432551e+02 0.000000000000000000e+00
5.717066703082972481e+02 0.000000000000000000e+00
5.787214760789511274e+02 0.000000000000000000e+00
5.857362818496051204e+02 0.000000000000000000e+00
5.927510876202589998e+02 0.000000000000000000e+00
5.997658933909129928e+02 0.000000000000000000e+00
6.067806991615669858e+02 0.000000000000000000e+00
6.137955049322208652e+02 0.000000000000000000e+00
6.208103107028748582e+02 0.000000000000000000e+00
6.278251164735288512e+02 0.000000000000000000e+00
6.348399222441827305e+02 0.000000000000000000e+00
6.418547280148367236e+02 0.000000000000000000e+00
6.488695337854907166e+02 0.000000000000000000e+00
6.558843395561445959e+02 0.000000000000000000e+00
6.628991453267985889e+02 0.000000000000000000e+00
6.699139510974525820e+02 0.000000000000000000e+00
6.769287568681064613e+02 0.000000000000000000e+00
6.839435626387604543e+02 0.000000000000000000e+00
6.909583684094144473e+02 0.000000000000000000e+00
7.014805770653953232e+02 0.000000000000000000e+00
