# Fit to erf function with parameters: B=508.2311016712567 A=508.147543720499 R=3.818679466059395 W=11.30622345200095 
0.000000000000000000e+00 5.926886221810964344e+02 6.426099951500701764e+02
1.052220865598092914e+00 5.930456884158902540e+02 6.064556843672889954e+02
1.753701442663488264e+00 5.985813324670912152e+02 5.818719218180733606e+02
2.455182019728883169e+00 5.879102670692734591e+02 5.570080888932063772e+02
3.156662596794278741e+00 5.618985724207835801e+02 5.319575798074547492e+02
3.858143173859674313e+00 5.268265812149930980e+02 5.068159293276703465e+02
4.559623750925068997e+00 4.881175734001026854e+02 4.816797211903124207e+02
5.261104327990464569e+00 4.535848227623297930e+02 4.566454764232785806e+02
5.962584905055860141e+00 4.228922445148116367e+02 4.318085428704452511e+02
6.664065482121254824e+00 3.951692423301711869e+02 4.072620071850597583e+02
7.365546059186651284e+00 3.703317956250869543e+02 3.830956499564473461e+02
8.067026636252046856e+00 3.470802797108507320e+02 3.593949634840681711e+02
8.768507213317441540e+00 3.235705991542574793e+02 3.362402500531931082e+02
9.469987790382836224e+00 3.012201696590892084e+02 3.137058164538198639e+02
1.017146836744823268e+01 2.812754195782746365e+02 2.918592779901056247e+02
1.087294894451362737e+01 2.638471213539181122e+02 2.707609824345236120e+02
1.157442952157902383e+01 2.479887338409228335e+02 2.504635613805485264e+02
1.227591009864441851e+01 2.335431510998853071e+02 2.310116133361302104e+02
1.297739067570981319e+01 2.197231430235988228e+02 2.124415197746996000e+02
1.367887125277520610e+01 2.050859441710376245e+02 1.947813923155238172e+02
1.438035182984060256e+01 1.896642422191917490e+02 1.780511463292663734e+02
1.508183240690599725e+01 1.735225543504132588e+02 1.622626936368304200e+02
1.578331298397139371e+01 1.570280168005575092e+02 1.474202446573504517e+02
1.648479356103678839e+01 1.407167417925064683e+02 1.335207084181944879e+02
1.718627413810218485e+01 1.247976792324608510e+02 1.205541773045536047e+02
1.788775471516758131e+01 1.097671522811058367e+02 1.085044823214211647e+02
1.858923529223297422e+01 9.599776232336579085e+01 9.734980397356997628e+01
1.929071586929837068e+01 8.368749989852184967e+01 8.706332363155758003e+01
1.999219644636376714e+01 7.292957375285671162e+01 7.761390042211110085e+01
2.069367702342916004e+01 6.360752770392802802e+01 6.896675922564031680e+01
2.139515760049455650e+01 5.554581193863211297e+01 6.108417623835089216e+01
2.209663817755994941e+01 4.886215914960319395e+01 5.392614971011590796e+01
2.279811875462534587e+01 4.331992482688162482e+01 4.745104484536796008e+01
2.349959933169074233e+01 3.874946955503866519e+01 4.161620339366930921e+01
2.420107990875613524e+01 3.490350882816126443e+01 3.637851009985001838e+01
2.490256048582153170e+01 3.154329740828359263e+01 3.169490987320131126e+01
2.560404106288692816e+01 2.841690861329824003e+01 2.752287121752186749e+01
2.630552163995232462e+01 2.559382176130659658e+01 2.382079309063158234e+01
2.700700221701772108e+01 2.294433110431333489e+01 2.054835389174354532e+01
2.770848279408311754e+01 2.040523475666037001e+01 1.766680267372100843e+01
2.840996337114851400e+01 1.803205462757312105e+01 1.513919391860963515e+01
2.911144394821390691e+01 1.573498348756372245e+01 1.293056828074298892e+01
2.981292452527929981e+01 1.360405425809554281e+01 1.100808258179796439e+01
3.051440510234469983e+01 1.158382083942320229e+01 9.341093033246863797e+00
3.121588567941009273e+01 9.696636546831543413e+00 7.901196167051466546e+00
3.191736625647548564e+01 7.951674834647309176e+00 6.662232284057949983e+00
3.261884683354088565e+01 6.371697479796966768e+00 5.600256394844109309e+00
3.332032741060628211e+01 5.020946191265941216e+00 4.693481646665247808e+00
3.402180798767167147e+01 3.840505170066892404e+00 3.922200122010963241e+00
3.472328856473707503e+01 2.875263722471941730e+00 3.268685679875318328e+00
3.542476914180246439e+01 2.100279423161823811e+00 2.717083211388001018e+00
3.612624971886786085e+01 1.496462955473768730e+00 2.253288317840258514e+00
3.682773029593325020e+01 1.037209610301540019e+00 1.864821011208675827e+00
3.752921087299865377e+01 6.953589305847572843e-01 1.540696603296225931e+00
3.823069145006404312e+01 4.559189456247039196e-01 1.271296505852717473e+00
3.893217202712943958e+01 2.970188969593275385e-01 1.048241224536866412e+00
3.963365260419483604e+01 1.924606662799086820e-01 8.642674059778983064e-01
4.033513318126023250e+01 1.324945353313374541e-01 7.131103987356937068e-01
4.103661375832562896e+01 6.196425358057142119e-02 5.893934225392740700e-01
4.173809433539102542e+01 2.542239980479814310e-02 4.885241105403679285e-01
4.243957491245642188e+01 1.133296954481186752e-02 4.065988992012421477e-01
4.314105548952181124e+01 4.185781589357456464e-03 3.403154908778560639e-01
4.384253606658720770e+01 1.441611078221849114e-03 2.868934047394873232e-01
4.454401664365260416e+01 3.783204773617688979e-04 2.440024607950022073e-01
4.524549722071800062e+01 6.320313205834959141e-05 2.096989069678443229e-01
4.594697779778338997e+01 1.002221209915663958e-05 1.823687972393486234e-01
4.664845837484879354e+01 0.000000000000000000e+00 1.606781562970809318e-01
4.734993895191418289e+01 0.000000000000000000e+00 1.435294191052207680e-01
4.805141952897957935e+01 0.000000000000000000e+00 1.300236085480150905e-01
4.875290010604497581e+01 0.000000000000000000e+00 1.194277070567864030e-01
4.945438068311037227e+01 0.000000000000000000e+00 1.111466854114269154e-01
5.015586126017576873e+01 0.000000000000000000e+00 1.046996704668572420e-01
5.085734183724115809e+01 0.000000000000000000e+00 9.969976050882678464e-02
5.155882241430655455e+01 0.000000000000000000e+00 9.583702974060770430e-02
5.226030299137195101e+01 0.000000000000000000e+00 9.286429989248290440e-02
5.296178356843735457e+01 0.000000000000000000e+00 9.058529531404246882e-02
5.366326414550273682e+01 0.000000000000000000e+00 8.884483670044573955e-02
5.436474472256814039e+01 0.000000000000000000e+00 8.752076667911978802e-02
5.506622529963353685e+01 0.000000000000000000e+00 8.651733697382724131e-02
5.576770587669892620e+01 0.000000000000000000e+00 8.575982115996794164e-02
5.646918645376432266e+01 0.000000000000000000e+00 8.519014872939578709e-02
5.717066703082972623e+01 0.000000000000000000e+00 8.476338505096236986e-02
5.787214760789511558e+01 0.000000000000000000e+00 8.444490777793589587e-02
5.857362818496051204e+01 0.000000000000000000e+00 8.420815330600817106e-02
5.927510876202590140e+01 0.000000000000000000e+00 8.403282716079729653e-02
5.997658933909129786e+01 0.000000000000000000e+00 8.390348982027262537e-02
6.067806991615670142e+01 0.000000000000000000e+00 8.380844467978931789e-02
6.137955049322208367e+01 0.000000000000000000e+00 8.373886784687556428e-02
6.208103107028748724e+01 0.000000000000000000e+00 8.368813045450451682e-02
6.278251164735288370e+01 0.000000000000000000e+00 8.365127342091227547e-02
6.348399222441827305e+01 0.000000000000000000e+00 8.362460229415091817e-02
6.418547280148366951e+01 0.000000000000000000e+00 8.360537619870456183e-02
6.488695337854906597e+01 0.000000000000000000e+00 8.359157014450602219e-02
6.558843395561446243e+01 0.000000000000000000e+00 8.358169424178640838e-02
6.628991453267985889e+01 0.000000000000000000e+00 8.357465683297959913e-02
6.699139510974525535e+01 0.000000000000000000e+00 8.356966134977028560e-02
6.769287568681065181e+01 0.000000000000000000e+00 8.356612894084491927e-02
6.839435626387604827e+01 0.000000000000000000e+00 8.356364069550181739e-02
6.909583684094144473e+01 0.000000000000000000e+00 8.356189469583341634e-02
7.014805770653953232e+01 0.000000000000000000e+00 8.356021076315300888e-02
