# 	r			Protein
0.000000000000000000e+00 1.106881039999893634e+06
1.052220865598092914e+01 8.690371879998588935e+06
1.753701442663488308e+01 2.702263539998390898e+07
2.455182019728883347e+01 6.179586748018492013e+07
3.156662596794278741e+01 1.158234950594844669e+08
3.858143173859674135e+01 1.875946908478800058e+08
4.559623750925069174e+01 2.721207519355059266e+08
5.261104327990464924e+01 3.682052386280031204e+08
5.962584905055859963e+01 4.688445579605984688e+08
6.664065482121255002e+01 5.661074757693115473e+08
7.365546059186651462e+01 6.591826397950581312e+08
8.067026636252046501e+01 7.472286044079872370e+08
8.768507213317441540e+01 8.263709127187644243e+08
9.469987790382836579e+01 8.988323447561826706e+08
1.017146836744823304e+02 9.716735591225366592e+08
1.087294894451362808e+02 1.050060674000324965e+09
1.157442952157902312e+02 1.130119609801936388e+09
1.227591009864441816e+02 1.204280270649014235e+09
1.297739067570981319e+02 1.263835070581077099e+09
1.367887125277520681e+02 1.304726462349225998e+09
1.438035182984060327e+02 1.329799359796864748e+09
1.508183240690599689e+02 1.341207610889584541e+09
1.578331298397139335e+02 1.338251297831540585e+09
1.648479356103678981e+02 1.317200518221436262e+09
1.718627413810218343e+02 1.274414246672822237e+09
1.788775471516757989e+02 1.206054577517923594e+09
1.858923529223297351e+02 1.116333956284057856e+09
1.929071586929836997e+02 1.014224377195542097e+09
1.999219644636376643e+02 9.073003026287505627e+08
2.069367702342916004e+02 7.990433059218180180e+08
2.139515760049455650e+02 6.916710367331331968e+08
2.209663817755995012e+02 5.868875939068446159e+08
2.279811875462534658e+02 4.862987665327984691e+08
2.349959933169074304e+02 3.948593608514348269e+08
2.420107990875613666e+02 3.141858973689218163e+08
2.490256048582153312e+02 2.457717528881159127e+08
2.560404106288692674e+02 1.876855699481109977e+08
2.630552163995232604e+02 1.392355417690403759e+08
2.700700221701771966e+02 9.974459770946153998e+07
2.770848279408311896e+02 6.953919064007450640e+07
2.840996337114851258e+02 4.725510420004656911e+07
2.911144394821390620e+02 3.143863471998798847e+07
2.981292452527929981e+02 2.086916704997821525e+07
3.051440510234469912e+02 1.344624864998485148e+07
3.121588567941009273e+02 8.438673349999615923e+06
3.191736625647548635e+02 5.063436130001750775e+06
3.261884683354088565e+02 2.922880550000951160e+06
3.332032741060627927e+02 1.572379050000070594e+06
3.402180798767167289e+02 8.281277099999265047e+05
3.472328856473707219e+02 3.992227199999978184e+05
3.542476914180246581e+02 1.949752400000022317e+05
3.612624971886785943e+02 9.243131000000015774e+04
3.682773029593325305e+02 4.136930000000000291e+04
3.752921087299865235e+02 2.365043000000001484e+04
3.823069145006404597e+02 1.367926000000001113e+04
3.893217202712943958e+02 7.714819999999996980e+03
3.963365260419483889e+02 5.299119999999998072e+03
4.033513318126023250e+02 2.970469999999998890e+03
4.103661375832562612e+02 1.283450000000000045e+03
4.173809433539102542e+02 1.623739999999999554e+03
4.243957491245641904e+02 5.546800000000000637e+02
4.314105548952181266e+02 0.000000000000000000e+00
4.384253606658720628e+02 0.000000000000000000e+00
4.454401664365260558e+02 0.000000000000000000e+00
4.524549722071799920e+02 0.000000000000000000e+00
4.594697779778339282e+02 0.000000000000000000e+00
4.664845837484879212e+02 0.000000000000000000e+00
4.734993895191418574e+02 0.000000000000000000e+00
4.805141952897957935e+02 0.000000000000000000e+00
4.875290010604497297e+02 0.000000000000000000e+00
4.945438068311037227e+02 0.000000000000000000e+00
5.015586126017576589e+02 0.000000000000000000e+00
5.085734183724115951e+02 0.000000000000000000e+00
5.155882241430655313e+02 0.000000000000000000e+00
5.226030299137195243e+02 0.000000000000000000e+00
5.296178356843735173e+02 0.000000000000000000e+00
5.366326414550273967e+02 0.000000000000000000e+00
5.436474472256813897e+02 0.000000000000000000e+00
5.506622529963353827e+02 0.000000000000000000e+00
5.576770587669892620e+02 0.000000000000000000e+00
5.646918645376432551e+02 0.000000000000000000e+00
5.717066703082972481e+02 0.000000000000000000e+00
5.787214760789511274e+02 0.000000000000000000e+00
5.857362818496051204e+02 0.000000000000000000e+00
5.927510876202589998e+02 0.000000000000000000e+00
5.997658933909129928e+02 0.000000000000000000e+00
6.067806991615669858e+02 0.000000000000000000e+00
6.137955049322208652e+02 0.000000000000000000e+00
6.208103107028748582e+02 0.000000000000000000e+00
6.278251164735288512e+02 0.000000000000000000e+00
6.348399222441827305e+02 0.000000000000000000e+00
6.418547280148367236e+02 0.000000000000000000e+00
6.488695337854907166e+02 0.000000000000000000e+00
6.558843395561445959e+02 0.000000000000000000e+00
6.628991453267985889e+02 0.000000000000000000e+00
6.699139510974525820e+02 0.000000000000000000e+00
6.769287568681064613e+02 0.000000000000000000e+00
6.839435626387604543e+02 0.000000000000000000e+00
6.909583684094144473e+02 0.000000000000000000e+00
7.014805770653953232e+02 0.000000000000000000e+00
