# Fit to erf function with parameters: B=161.8956658566288 A=159.6348938264188 R=17.006827799398955 W=4.329157358557897 
0.000000000000000000e+00 2.572274690711414564e+02 3.215169110175402238e+02
1.052220865598092914e+00 2.817715360722248192e+02 3.214941057552615575e+02
1.753701442663488264e+00 3.075179417938063580e+02 3.214625341426211662e+02
2.455182019728883169e+00 3.300987168816638473e+02 3.214067255850429774e+02
3.156662596794278741e+00 3.367689456661358918e+02 3.213106248644810989e+02
3.858143173859674313e+00 3.331914696439187651e+02 3.211494214120406241e+02
4.559623750925068997e+00 3.222582364902259542e+02 3.208860043417921020e+02
5.261104327990464569e+00 3.144341972710355435e+02 3.204666941631010104e+02
5.962584905055860141e+00 3.126525011106590455e+02 3.198164913591959930e+02
6.664065482121254824e+00 3.161450858868482783e+02 3.188343268367911492e+02
7.365546059186651284e+00 3.221157436431734027e+02 3.173890812718966572e+02
8.067026636252046856e+00 3.283013272889569976e+02 3.153174089145373955e+02
8.768507213317441540e+00 3.318965375721962801e+02 3.124245813724087384e+02
9.469987790382836224e+00 3.312378618043946972e+02 3.084895691623898983e+02
1.017146836744823268e+01 3.267682175676775955e+02 3.032753208041100379e+02
1.087294894451362737e+01 3.178144184556232403e+02 2.965446329746557694e+02
1.157442952157902383e+01 3.056585775993586367e+02 2.880811464555729344e+02
1.227591009864441851e+01 2.911165357946484846e+02 2.777139505994546198e+02
1.297739067570981319e+01 2.739146656536642013e+02 2.653432171005002829e+02
1.367887125277520610e+01 2.530017566375729530e+02 2.509634529944860901e+02
1.438035182984060256e+01 2.290204939085619458e+02 2.346806096346170420e+02
1.508183240690599725e+01 2.046161716673378805e+02 2.167195932461588654e+02
1.578331298397139371e+01 1.813910368996374984e+02 1.974197509409411282e+02
1.648479356103678839e+01 1.599138316249753302e+02 1.772175445436475343e+02
1.718627413810218485e+01 1.407615685450605270e+02 1.566176004364392327e+02
1.788775471516758131e+01 1.233555577547251971e+02 1.361552519614863286e+02
1.858923529223297422e+01 1.076503230903677490e+02 1.163551645908914907e+02
1.929071586929837068e+01 9.372024233400652804e+01 9.769132769606402178e+01
1.999219644636376714e+01 8.149303756761517548e+01 8.055345375539015151e+01
2.069367702342916004e+01 7.100697033757255383e+01 6.522370130730615756e+01
2.139515760049455650e+01 6.206557172590250104e+01 5.186588347992640990e+01
2.209663817755994941e+01 5.411474572993031984e+01 4.052731940191299032e+01
2.279811875462534587e+01 4.695859364132803648e+01 3.115163978483153073e+01
2.349959933169074233e+01 4.040523211072854082e+01 2.359950725422717710e+01
2.420107990875613524e+01 3.437871434145145599e+01 1.767354913749528578e+01
2.490256048582153170e+01 2.895022404150583029e+01 1.314384676329217427e+01
2.560404106288692816e+01 2.414391934100913772e+01 9.770951506819784527e+00
2.630552163995232462e+01 1.983730988841646337e+01 7.324378837582230517e+00
2.700700221701772108e+01 1.614227402979866710e+01 5.595615903037781891e+00
2.770848279408311754e+01 1.299424232256388478e+01 4.405649226018965692e+00
2.840996337114851400e+01 1.032117894477353381e+01 3.607735074070717474e+00
2.911144394821390691e+01 8.059511495738290066e+00 3.086540938295684100e+00
2.981292452527929981e+01 6.186864403910759869e+00 2.754902523496895128e+00
3.051440510234469983e+01 4.629676888646228505e+00 2.549336152656962895e+00
3.121588567941009273e+01 3.367926559683166232e+00 2.425210597406334045e+00
3.191736625647548564e+01 2.391318836438234285e+00 2.352198940424472084e+00
3.261884683354088565e+01 1.660253582871221045e+00 2.310363433444649672e+00
3.332032741060628211e+01 1.132569881999377026e+00 2.287011671035116933e+00
3.402180798767167147e+01 7.516102911425791566e-01 2.274314234564428716e+00
3.472328856473707503e+01 4.858731471250610223e-01 2.267588586262434092e+00
3.542476914180246439e+01 3.013118708334651674e-01 2.264118230988657388e+00
3.612624971886786085e+01 1.826225206468185258e-01 2.262373874042651778e+00
3.682773029593325020e+01 1.086629905662729462e-01 2.261519755059396175e+00
3.752921087299865377e+01 6.491479694099074049e-02 2.261112353263655450e+00
3.823069145006404312e+01 3.662975984438614913e-02 2.260923053964461360e+00
3.893217202712943958e+01 1.968009185933382657e-02 2.260837370596675555e+00
3.963365260419483604e+01 1.054006307435484228e-02 2.260799590292037919e+00
4.033513318126023250e+01 5.555548860078350117e-03 2.260783362638107974e+00
4.103661375832562896e+01 2.758925870011212124e-03 2.260776572676462592e+00
4.173809433539102542e+01 1.182056102058116854e-03 2.260773805096647493e+00
4.243957491245642188e+01 4.626038014924981458e-04 2.260772706206751081e+00
4.314105548952181124e+01 1.602917187405955915e-04 2.260772281167191977e+00
4.384253606658720770e+01 7.793818717301319787e-05 2.260772121017708969e+00
4.454401664365260416e+01 2.984390723548543197e-05 2.260772062235929525e+00
4.524549722071800062e+01 1.785034897609151747e-05 2.260772041218416462e+00
4.594697779778338997e+01 1.120017267866828457e-05 2.260772033897922029e+00
4.664845837484879354e+01 1.691382424342790380e-05 2.260772031414120420e+00
4.734993895191418289e+01 1.423044390553271646e-05 2.260772030593130921e+00
4.805141952897957935e+01 0.000000000000000000e+00 2.260772030328809024e+00
4.875290010604497581e+01 0.000000000000000000e+00 2.260772030245902897e+00
4.945438068311037227e+01 0.000000000000000000e+00 2.260772030220579154e+00
5.015586126017576873e+01 0.000000000000000000e+00 2.260772030213047401e+00
5.085734183724115809e+01 0.000000000000000000e+00 2.260772030210858929e+00
5.155882241430655455e+01 0.000000000000000000e+00 2.260772030210233652e+00
5.226030299137195101e+01 0.000000000000000000e+00 2.260772030210063122e+00
5.296178356843735457e+01 0.000000000000000000e+00 2.260772030210034700e+00
5.366326414550273682e+01 0.000000000000000000e+00 2.260772030210006278e+00
5.436474472256814039e+01 0.000000000000000000e+00 2.260772030210006278e+00
5.506622529963353685e+01 0.000000000000000000e+00 2.260772030210006278e+00
5.576770587669892620e+01 0.000000000000000000e+00 2.260772030210006278e+00
5.646918645376432266e+01 0.000000000000000000e+00 2.260772030210006278e+00
5.717066703082972623e+01 0.000000000000000000e+00 2.260772030210006278e+00
5.787214760789511558e+01 0.000000000000000000e+00 2.260772030210006278e+00
5.857362818496051204e+01 0.000000000000000000e+00 2.260772030210006278e+00
5.927510876202590140e+01 0.000000000000000000e+00 2.260772030210006278e+00
5.997658933909129786e+01 0.000000000000000000e+00 2.260772030210006278e+00
6.067806991615670142e+01 0.000000000000000000e+00 2.260772030210006278e+00
6.137955049322208367e+01 0.000000000000000000e+00 2.260772030210006278e+00
6.208103107028748724e+01 0.000000000000000000e+00 2.260772030210006278e+00
6.278251164735288370e+01 0.000000000000000000e+00 2.260772030210006278e+00
6.348399222441827305e+01 0.000000000000000000e+00 2.260772030210006278e+00
6.418547280148366951e+01 0.000000000000000000e+00 2.260772030210006278e+00
6.488695337854906597e+01 0.000000000000000000e+00 2.260772030210006278e+00
6.558843395561446243e+01 0.000000000000000000e+00 2.260772030210006278e+00
6.628991453267985889e+01 0.000000000000000000e+00 2.260772030210006278e+00
6.699139510974525535e+01 0.000000000000000000e+00 2.260772030210006278e+00
6.769287568681065181e+01 0.000000000000000000e+00 2.260772030210006278e+00
6.839435626387604827e+01 0.000000000000000000e+00 2.260772030210006278e+00
6.909583684094144473e+01 0.000000000000000000e+00 2.260772030210006278e+00
7.014805770653953232e+01 0.000000000000000000e+00 2.260772030210006278e+00
