# 	r			Protein
0.000000000000000000e+00 9.792255899998723762e+05
1.052220865598092914e+01 7.789786469999959692e+06
1.753701442663488308e+01 2.688595370998889953e+07
2.455182019728883347e+01 6.620600262033679336e+07
3.156662596794278741e+01 1.310161302993779629e+08
3.858143173859674135e+01 2.169273092664742768e+08
4.559623750925069174e+01 3.117584746561123729e+08
5.261104327990464924e+01 4.043418086782644987e+08
5.962584905055859963e+01 4.907784754814257622e+08
6.664065482121255002e+01 5.746523167348654270e+08
7.365546059186651462e+01 6.681485650067869425e+08
8.067026636252046501e+01 7.742699638816294670e+08
8.768507213317441540e+01 8.858638317190099955e+08
9.469987790382836579e+01 9.887026011664317846e+08
1.017146836744823304e+02 1.067816280397190690e+09
1.087294894451362808e+02 1.120516426620078325e+09
1.157442952157902312e+02 1.164257802210812807e+09
1.227591009864441816e+02 1.202022707343096495e+09
1.297739067570981319e+02 1.228920180081477880e+09
1.367887125277520681e+02 1.251241296150139093e+09
1.438035182984060327e+02 1.272583651809458256e+09
1.508183240690599689e+02 1.287270119152359486e+09
1.578331298397139335e+02 1.292840415358155489e+09
1.648479356103678981e+02 1.284949968141201973e+09
1.718627413810218343e+02 1.260816876220789909e+09
1.788775471516757989e+02 1.221281243287238359e+09
1.858923529223297351e+02 1.164870505132444382e+09
1.929071586929836997e+02 1.085650591531485319e+09
1.999219644636376643e+02 9.818434239649358988e+08
2.069367702342916004e+02 8.564962584453810453e+08
2.139515760049455650e+02 7.196616863922619820e+08
2.209663817755995012e+02 5.829910111064912081e+08
2.279811875462534658e+02 4.519421365022708178e+08
2.349959933169074304e+02 3.360551453594627380e+08
2.420107990875613666e+02 2.423197928384453654e+08
2.490256048582153312e+02 1.698844020287244916e+08
2.560404106288692674e+02 1.170660288091718554e+08
2.630552163995232604e+02 7.843967830984246731e+07
2.700700221701771966e+02 5.138357104997693747e+07
2.770848279408311896e+02 3.286766068997426704e+07
2.840996337114851258e+02 2.065436965997838229e+07
2.911144394821390620e+02 1.282161080999086611e+07
2.981292452527929981e+02 7.767731109999632463e+06
3.051440510234469912e+02 4.605673990001766011e+06
3.121588567941009273e+02 2.616044890000820626e+06
3.191736625647548635e+02 1.491395650000174064e+06
3.261884683354088565e+02 7.961398399999261601e+05
3.332032741060627927e+02 4.268973099999955739e+05
3.402180798767167289e+02 2.277251799999990908e+05
3.472328856473707219e+02 1.168425600000011618e+05
3.542476914180246581e+02 5.836511000000008062e+04
3.612624971886785943e+02 2.749629000000002270e+04
3.682773029593325305e+02 1.915091000000000349e+04
3.752921087299865235e+02 7.205920000000000073e+03
3.823069145006404597e+02 2.851359999999999673e+03
3.893217202712943958e+02 9.060800000000001546e+02
3.963365260419483889e+02 6.907800000000000864e+02
4.033513318126023250e+02 0.000000000000000000e+00
4.103661375832562612e+02 0.000000000000000000e+00
4.173809433539102542e+02 0.000000000000000000e+00
4.243957491245641904e+02 0.000000000000000000e+00
4.314105548952181266e+02 0.000000000000000000e+00
4.384253606658720628e+02 0.000000000000000000e+00
4.454401664365260558e+02 0.000000000000000000e+00
4.524549722071799920e+02 0.000000000000000000e+00
4.594697779778339282e+02 0.000000000000000000e+00
4.664845837484879212e+02 0.000000000000000000e+00
4.734993895191418574e+02 0.000000000000000000e+00
4.805141952897957935e+02 0.000000000000000000e+00
4.875290010604497297e+02 0.000000000000000000e+00
4.945438068311037227e+02 0.000000000000000000e+00
5.015586126017576589e+02 0.000000000000000000e+00
5.085734183724115951e+02 0.000000000000000000e+00
5.155882241430655313e+02 0.000000000000000000e+00
5.226030299137195243e+02 0.000000000000000000e+00
5.296178356843735173e+02 0.000000000000000000e+00
5.366326414550273967e+02 0.000000000000000000e+00
5.436474472256813897e+02 0.000000000000000000e+00
5.506622529963353827e+02 0.000000000000000000e+00
5.576770587669892620e+02 0.000000000000000000e+00
5.646918645376432551e+02 0.000000000000000000e+00
5.717066703082972481e+02 0.000000000000000000e+00
5.787214760789511274e+02 0.000000000000000000e+00
5.857362818496051204e+02 0.000000000000000000e+00
5.927510876202589998e+02 0.000000000000000000e+00
5.997658933909129928e+02 0.000000000000000000e+00
6.067806991615669858e+02 0.000000000000000000e+00
6.137955049322208652e+02 0.000000000000000000e+00
6.208103107028748582e+02 0.000000000000000000e+00
6.278251164735288512e+02 0.000000000000000000e+00
6.348399222441827305e+02 0.000000000000000000e+00
6.418547280148367236e+02 0.000000000000000000e+00
6.488695337854907166e+02 0.000000000000000000e+00
6.558843395561445959e+02 0.000000000000000000e+00
6.628991453267985889e+02 0.000000000000000000e+00
6.699139510974525820e+02 0.000000000000000000e+00
6.769287568681064613e+02 0.000000000000000000e+00
6.839435626387604543e+02 0.000000000000000000e+00
6.909583684094144473e+02 0.000000000000000000e+00
7.014805770653953232e+02 0.000000000000000000e+00
