# Fit to erf function with parameters: B=26.005818849313144 A=92.30513499610917 R=999.8870668213114 W=152.39027880794416 
0.000000000000000000e+00 8.481078932553416507e+02 1.183109538405005878e+02
1.052220865598092914e+00 7.726324039088007112e+02 1.183109538402674161e+02
1.753701442663488264e+00 6.527909718225680535e+02 1.183109538401059950e+02
2.455182019728883169e+00 5.481202232511644752e+02 1.183109538399396286e+02
3.156662596794278741e+00 5.117100409973863293e+02 1.183109538397681746e+02
3.858143173859674313e+00 5.275718177276698952e+02 1.183109538395914768e+02
4.559623750925068997e+00 5.624857444129444275e+02 1.183109538394093931e+02
5.261104327990464569e+00 5.811065157528873897e+02 1.183109538392217530e+02
5.962584905055860141e+00 5.741523564281045537e+02 1.183109538390283859e+02
6.664065482121254824e+00 5.513345321886183683e+02 1.183109538388291213e+02
7.365546059186651284e+00 5.231412927313788259e+02 1.183109538386237745e+02
8.067026636252046856e+00 4.950071245115053671e+02 1.183109538384122033e+02
8.768507213317441540e+00 4.702353582639892693e+02 1.183109538381941945e+02
9.469987790382836224e+00 4.448069111887963345e+02 1.183109538379695493e+02
1.017146836744823268e+01 4.181674867664418116e+02 1.183109538377380829e+02
1.087294894451362737e+01 3.912520016892283934e+02 1.183109538374995964e+02
1.157442952157902383e+01 3.650517063809601837e+02 1.183109538372538765e+02
1.227591009864441851e+01 3.404415483845712629e+02 1.183109538370007101e+02
1.297739067570981319e+01 3.164081308345908496e+02 1.183109538367398841e+02
1.367887125277520610e+01 2.914791110068911166e+02 1.183109538364711568e+02
1.438035182984060256e+01 2.643137741902743301e+02 1.183109538361943009e+02
1.508183240690599725e+01 2.358069385002356739e+02 1.183109538359090891e+02
1.578331298397139371e+01 2.080956809659362818e+02 1.183109538356152513e+02
1.648479356103678839e+01 1.818141502432070240e+02 1.183109538353125600e+02
1.718627413810218485e+01 1.560130648022895627e+02 1.183109538350007455e+02
1.788775471516758131e+01 1.308487498905343216e+02 1.183109538346795233e+02
1.858923529223297422e+01 1.077498872964888221e+02 1.183109538343486378e+02
1.929071586929837068e+01 8.742392535412399468e+01 1.183109538340078046e+02
1.999219644636376714e+01 7.030472340920134400e+01 1.183109538336567113e+02
2.069367702342916004e+01 5.595392047105182343e+01 1.183109538332950876e+02
2.139515760049455650e+01 4.389064791141878885e+01 1.183109538329225927e+02
2.209663817755994941e+01 3.360354201828182852e+01 1.183109538325389281e+02
2.279811875462534587e+01 2.486759816491911224e+01 1.183109538321437526e+02
2.349959933169074233e+01 1.744617634226320391e+01 1.183109538317367537e+02
2.420107990875613524e+01 1.140551699434527677e+01 1.183109538313175761e+02
2.490256048582153170e+01 6.925128253450610671e+00 1.183109538308858504e+02
2.560404106288692816e+01 3.969162378394140323e+00 1.183109538304412212e+02
2.630552163995232462e+01 2.191332965410130118e+00 1.183109538299833048e+02
2.700700221701772108e+01 1.189433696046800826e+00 1.183109538295117460e+02
2.770848279408311754e+01 6.342112358693916541e-01 1.183109538290261042e+02
2.840996337114851400e+01 3.305147631393486884e-01 1.183109538285259958e+02
2.911144394821390691e+01 1.639438868192091003e-01 1.183109538280109945e+02
2.981292452527929981e+01 8.078972479806771634e-02 1.183109538274806596e+02
3.051440510234469983e+01 3.769503964187616296e-02 1.183109538269345791e+02
3.121588567941009273e+01 1.706795660878858770e-02 1.183109538263722555e+02
3.191736625647548564e+01 7.691509265145900047e-03 1.183109538257932201e+02
3.261884683354088565e+01 3.619513759898624911e-03 1.183109538251970179e+02
3.332032741060628211e+01 1.505038686057144030e-03 1.183109538245831516e+02
3.402180798767167147e+01 6.499724652561883562e-04 1.183109538239510670e+02
3.472328856473707503e+01 4.716679949756438089e-04 1.183109538233002951e+02
3.542476914180246439e+01 2.352364148354569153e-04 1.183109538226302675e+02
3.612624971886786085e+01 1.254817567228678392e-04 1.183109538219404300e+02
3.682773029593325020e+01 4.833558826261578125e-05 1.183109538212302141e+02
3.752921087299865377e+01 5.079585222549371090e-05 1.183109538204990372e+02
3.823069145006404312e+01 1.574212061669691060e-05 1.183109538197463024e+02
3.893217202712943958e+01 1.766695746618439280e-06 1.183109538189713561e+02
3.963365260419483604e+01 0.000000000000000000e+00 1.183109538181736013e+02
4.033513318126023250e+01 0.000000000000000000e+00 1.183109538173523703e+02
4.103661375832562896e+01 0.000000000000000000e+00 1.183109538165069807e+02
4.173809433539102542e+01 0.000000000000000000e+00 1.183109538156367506e+02
4.243957491245642188e+01 0.000000000000000000e+00 1.183109538147409694e+02
4.314105548952181124e+01 0.000000000000000000e+00 1.183109538138188981e+02
4.384253606658720770e+01 0.000000000000000000e+00 1.183109538128697977e+02
4.454401664365260416e+01 0.000000000000000000e+00 1.183109538118928725e+02
4.524549722071800062e+01 0.000000000000000000e+00 1.183109538108873693e+02
4.594697779778338997e+01 0.000000000000000000e+00 1.183109538098524212e+02
4.664845837484879354e+01 0.000000000000000000e+00 1.183109538087872323e+02
4.734993895191418289e+01 0.000000000000000000e+00 1.183109538076909359e+02
4.805141952897957935e+01 0.000000000000000000e+00 1.183109538065626225e+02
4.875290010604497581e+01 0.000000000000000000e+00 1.183109538054013967e+02
4.945438068311037227e+01 0.000000000000000000e+00 1.183109538042063349e+02
5.015586126017576873e+01 0.000000000000000000e+00 1.183109538029764707e+02
5.085734183724115809e+01 0.000000000000000000e+00 1.183109538017107951e+02
5.155882241430655455e+01 0.000000000000000000e+00 1.183109538004083277e+02
5.226030299137195101e+01 0.000000000000000000e+00 1.183109537990680025e+02
5.296178356843735457e+01 0.000000000000000000e+00 1.183109537976887538e+02
5.366326414550273682e+01 0.000000000000000000e+00 1.183109537962694873e+02
5.436474472256814039e+01 0.000000000000000000e+00 1.183109537948090662e+02
5.506622529963353685e+01 0.000000000000000000e+00 1.183109537933063393e+02
5.576770587669892620e+01 0.000000000000000000e+00 1.183109537917601131e+02
5.646918645376432266e+01 0.000000000000000000e+00 1.183109537901691510e+02
5.717066703082972623e+01 0.000000000000000000e+00 1.183109537885321885e+02
5.787214760789511558e+01 0.000000000000000000e+00 1.183109537868479464e+02
5.857362818496051204e+01 0.000000000000000000e+00 1.183109537851150890e+02
5.927510876202590140e+01 0.000000000000000000e+00 1.183109537833322662e+02
5.997658933909129786e+01 0.000000000000000000e+00 1.183109537814980428e+02
6.067806991615670142e+01 0.000000000000000000e+00 1.183109537796110118e+02
6.137955049322208367e+01 0.000000000000000000e+00 1.183109537776696811e+02
6.208103107028748724e+01 0.000000000000000000e+00 1.183109537756725018e+02
6.278251164735288370e+01 0.000000000000000000e+00 1.183109537736179675e+02
6.348399222441827305e+01 0.000000000000000000e+00 1.183109537715044439e+02
6.418547280148366951e+01 0.000000000000000000e+00 1.183109537693302684e+02
6.488695337854906597e+01 0.000000000000000000e+00 1.183109537670937783e+02
6.558843395561446243e+01 0.000000000000000000e+00 1.183109537647932115e+02
6.628991453267985889e+01 0.000000000000000000e+00 1.183109537624267915e+02
6.699139510974525535e+01 0.000000000000000000e+00 1.183109537599926995e+02
6.769287568681065181e+01 0.000000000000000000e+00 1.183109537574890311e+02
6.839435626387604827e+01 0.000000000000000000e+00 1.183109537549138679e+02
6.909583684094144473e+01 0.000000000000000000e+00 1.183109537522652204e+02
7.014805770653953232e+01 0.000000000000000000e+00 1.183109537481499700e+02
