# 	r			Protein
0.000000000000000000e+00 7.503035999999495689e+05
1.052220865598092914e+01 5.408009380001388490e+06
1.753701442663488308e+01 1.652740446997998469e+07
2.455182019728883347e+01 3.850386913000693172e+07
3.156662596794278741e+01 7.523695186003744602e+07
3.858143173859674135e+01 1.291724609391517192e+08
4.559623750925069174e+01 2.009198009482036531e+08
5.261104327990464924e+01 2.938013779664102793e+08
5.962584905055859963e+01 4.026794809990242124e+08
6.664065482121255002e+01 5.174958201720293760e+08
7.365546059186651462e+01 6.356513724378607273e+08
8.067026636252046501e+01 7.674647216219835281e+08
8.768507213317441540e+01 9.174261186373455524e+08
9.469987790382836579e+01 1.087034994569399834e+09
1.017146836744823304e+02 1.267036326649384499e+09
1.087294894451362808e+02 1.438493230672185659e+09
1.157442952157902312e+02 1.578822614331253052e+09
1.227591009864441816e+02 1.676465386887039661e+09
1.297739067570981319e+02 1.735890351894685745e+09
1.367887125277520681e+02 1.750240384756059170e+09
1.438035182984060327e+02 1.718479736516310692e+09
1.508183240690599689e+02 1.641693765805064201e+09
1.578331298397139335e+02 1.529170931671192169e+09
1.648479356103678981e+02 1.389231412383401632e+09
1.718627413810218343e+02 1.236040820162994862e+09
1.788775471516757989e+02 1.079333863699562788e+09
1.858923529223297351e+02 9.172974689101264477e+08
1.929071586929836997e+02 7.514112777867187262e+08
1.999219644636376643e+02 5.959952512564440966e+08
2.069367702342916004e+02 4.640212524514251351e+08
2.139515760049455650e+02 3.570894497707046270e+08
2.209663817755995012e+02 2.705231608091421723e+08
2.279811875462534658e+02 2.005458984893660545e+08
2.349959933169074304e+02 1.444740223391204774e+08
2.420107990875613666e+02 1.019197072994035333e+08
2.490256048582153312e+02 7.017294639990726113e+07
2.560404106288692674e+02 4.708401994994433969e+07
2.630552163995232604e+02 3.046883626997809857e+07
2.700700221701771966e+02 1.902729242998260632e+07
2.770848279408311896e+02 1.146384937999531068e+07
2.840996337114851258e+02 6.863461470000311732e+06
2.911144394821390620e+02 3.937232010001575109e+06
2.981292452527929981e+02 2.176489810000517871e+06
3.051440510234469912e+02 1.173777969999977387e+06
3.121588567941009273e+02 6.558494699999692384e+05
3.191736625647548635e+02 3.501653699999976088e+05
3.261884683354088565e+02 1.708830499999993772e+05
3.332032741060627927e+02 8.181587000000043190e+04
3.402180798767167289e+02 4.171012000000008993e+04
3.472328856473707219e+02 1.570240000000000509e+04
3.542476914180246581e+02 7.605990000000000691e+03
3.612624971886785943e+02 3.418839999999998327e+03
3.682773029593325305e+02 3.305509999999998399e+03
3.752921087299865235e+02 1.268339999999999691e+03
3.823069145006404597e+02 1.448619999999999663e+03
3.893217202712943958e+02 3.193799999999999955e+02
3.963365260419483889e+02 0.000000000000000000e+00
4.033513318126023250e+02 0.000000000000000000e+00
4.103661375832562612e+02 0.000000000000000000e+00
4.173809433539102542e+02 0.000000000000000000e+00
4.243957491245641904e+02 0.000000000000000000e+00
4.314105548952181266e+02 0.000000000000000000e+00
4.384253606658720628e+02 0.000000000000000000e+00
4.454401664365260558e+02 0.000000000000000000e+00
4.524549722071799920e+02 0.000000000000000000e+00
4.594697779778339282e+02 0.000000000000000000e+00
4.664845837484879212e+02 0.000000000000000000e+00
4.734993895191418574e+02 0.000000000000000000e+00
4.805141952897957935e+02 0.000000000000000000e+00
4.875290010604497297e+02 0.000000000000000000e+00
4.945438068311037227e+02 0.000000000000000000e+00
5.015586126017576589e+02 0.000000000000000000e+00
5.085734183724115951e+02 0.000000000000000000e+00
5.155882241430655313e+02 0.000000000000000000e+00
5.226030299137195243e+02 0.000000000000000000e+00
5.296178356843735173e+02 0.000000000000000000e+00
5.366326414550273967e+02 0.000000000000000000e+00
5.436474472256813897e+02 0.000000000000000000e+00
5.506622529963353827e+02 0.000000000000000000e+00
5.576770587669892620e+02 0.000000000000000000e+00
5.646918645376432551e+02 0.000000000000000000e+00
5.717066703082972481e+02 0.000000000000000000e+00
5.787214760789511274e+02 0.000000000000000000e+00
5.857362818496051204e+02 0.000000000000000000e+00
5.927510876202589998e+02 0.000000000000000000e+00
5.997658933909129928e+02 0.000000000000000000e+00
6.067806991615669858e+02 0.000000000000000000e+00
6.137955049322208652e+02 0.000000000000000000e+00
6.208103107028748582e+02 0.000000000000000000e+00
6.278251164735288512e+02 0.000000000000000000e+00
6.348399222441827305e+02 0.000000000000000000e+00
6.418547280148367236e+02 0.000000000000000000e+00
6.488695337854907166e+02 0.000000000000000000e+00
6.558843395561445959e+02 0.000000000000000000e+00
6.628991453267985889e+02 0.000000000000000000e+00
6.699139510974525820e+02 0.000000000000000000e+00
6.769287568681064613e+02 0.000000000000000000e+00
6.839435626387604543e+02 0.000000000000000000e+00
6.909583684094144473e+02 0.000000000000000000e+00
7.014805770653953232e+02 0.000000000000000000e+00
