# Fit to erf function with parameters: B=208.87052549534505 A=207.97159633315653 R=15.731348592877895 W=4.677878855092525 
0.000000000000000000e+00 2.542343702383284381e+02 4.166817305136578398e+02
1.052220865598092914e+00 2.851501706411960981e+02 4.164883375206263736e+02
1.753701442663488264e+00 3.266686180084961393e+02 4.162581769963388751e+02
2.455182019728883169e+00 3.836109749636476067e+02 4.158982083764655044e+02
3.156662596794278741e+00 4.361141175161580463e+02 4.153477169741926218e+02
3.858143173859674313e+00 4.734918034783547682e+02 4.145245488442228634e+02
4.559623750925068997e+00 4.921429361701028711e+02 4.133209585375366828e+02
5.261104327990464569e+00 5.004222060218406227e+02 4.116001959436833886e+02
5.962584905055860141e+00 4.962522171282260501e+02 4.091946404044284122e+02
6.664065482121254824e+00 4.798029498751688493e+02 4.059064118997198420e+02
7.365546059186651284e+00 4.574157159515069679e+02 4.015113927271216880e+02
8.067026636252046856e+00 4.323110102410037712e+02 3.957674281540756738e+02
8.768507213317441540e+00 4.047021335770097608e+02 3.884271091089310630e+02
9.469987790382836224e+00 3.774198002871294761e+02 3.792549762575926025e+02
1.017146836744823268e+01 3.536912699009109815e+02 3.680482707168040406e+02
1.087294894451362737e+01 3.345125714477512133e+02 3.546595889782376503e+02
1.157442952157902383e+01 3.177135000135373843e+02 3.390191148038951496e+02
1.227591009864441851e+01 3.009853619167643046e+02 3.211536524785322513e+02
1.297739067570981319e+01 2.826527879926068181e+02 3.011996117015090704e+02
1.367887125277520610e+01 2.626437925599081495e+02 2.794074803518885801e+02
1.438035182984060256e+01 2.422168475728551016e+02 2.561361709354449090e+02
1.508183240690599725e+01 2.221022011892483761e+02 2.318368466912128838e+02
1.578331298397139371e+01 2.023546617644765604e+02 2.070272424555485600e+02
1.648479356103678839e+01 1.825839923509507798e+02 1.822588544632533853e+02
1.718627413810218485e+01 1.625287590996065035e+02 1.580804346840772894e+02
1.788775471516758131e+01 1.419851767881006310e+02 1.350017874375450333e+02
1.858923529223297422e+01 1.216922480867889931e+02 1.134618197584623687e+02
1.929071586929837068e+01 1.026674708145797013e+02 9.380415133929928118e+01
1.999219644636376714e+01 8.551234990158579308e+01 7.626246993152713571e+01
2.069367702342916004e+01 7.029052065887796630e+01 6.095643556152947440e+01
2.139515760049455650e+01 5.692107170515938463e+01 4.789754161225681628e+01
2.209663817755994941e+01 4.528031183510210411e+01 3.700316599241796212e+01
2.279811875462534587e+01 3.524635761995763517e+01 2.811626121844477666e+01
2.349959933169074233e+01 2.693597103599705278e+01 2.102781691014115495e+01
2.420107990875613524e+01 2.020831726947724505e+01 1.549936481536929023e+01
2.490256048582153170e+01 1.492995862460997536e+01 1.128328937132661736e+01
2.560404106288692816e+01 1.078524586324509826e+01 8.139413507549505766e+00
2.630552163995232462e+01 7.580081902627286539e+00 5.847096976994180295e+00
2.700700221701772108e+01 5.151759352586670282e+00 4.212781284102135260e+00
2.770848279408311754e+01 3.412120068757021674e+00 3.073451450394912854e+00
2.840996337114851400e+01 2.205609758954556909e+00 2.296819724238616800e+00
2.911144394821390691e+01 1.397521605591347527e+00 1.779173667481558141e+00
2.981292452527929981e+01 8.845436701325346540e-01 1.441806511834840876e+00
3.051440510234469983e+01 5.440208671657161821e-01 1.226813284445199770e+00
3.121588567941009273e+01 3.262480604265097228e-01 1.092845976427440746e+00
3.191736625647548564e+01 1.872479714639472548e-01 1.011220649317607467e+00
3.261884683354088565e+01 1.034904997068595151e-01 9.625907834708016253e-01
3.332032741060628211e+01 5.335388510590063221e-02 9.342616545934561145e-01
3.402180798767167147e+01 2.695321117524856688e-02 9.181249310415182663e-01
3.472328856473707503e+01 1.247389663928699828e-02 9.091372124675274335e-01
3.542476914180246439e+01 5.853216338534169942e-03 9.042424061080396314e-01
3.612624971886786085e+01 2.668105909266702772e-03 9.016358115401317264e-01
3.682773029593325020e+01 1.149101773704928279e-03 9.002785506004613580e-01
3.752921087299865377e+01 6.326024840574941870e-04 8.995875075807191479e-01
3.823069145006404312e+01 3.525895812737948800e-04 8.992434757233240816e-01
3.893217202712943958e+01 1.917521057952569169e-04 8.990760030124818059e-01
3.963365260419483604e+01 1.270888885150068767e-04 8.989962877966775068e-01
4.033513318126023250e+01 6.878450161885773595e-05 8.989591864085468842e-01
4.103661375832562896e+01 2.871234785184954057e-05 8.989423018069544469e-01
4.173809433539102542e+01 3.511433071995411100e-05 8.989347882916831622e-01
4.243957491245642188e+01 1.160202855197975196e-05 8.989315190487445761e-01
4.314105548952181124e+01 0.000000000000000000e+00 8.989301281265511534e-01
4.384253606658720770e+01 0.000000000000000000e+00 8.989295494843361212e-01
4.454401664365260416e+01 0.000000000000000000e+00 8.989293141047198787e-01
4.524549722071800062e+01 0.000000000000000000e+00 8.989292204824153032e-01
4.594697779778338997e+01 0.000000000000000000e+00 8.989291840707096526e-01
4.664845837484879354e+01 0.000000000000000000e+00 8.989291702237665049e-01
4.734993895191418289e+01 0.000000000000000000e+00 8.989291650748043594e-01
4.805141952897957935e+01 0.000000000000000000e+00 8.989291632026663592e-01
4.875290010604497581e+01 0.000000000000000000e+00 8.989291625370867678e-01
4.945438068311037227e+01 0.000000000000000000e+00 8.989291623057056313e-01
5.015586126017576873e+01 0.000000000000000000e+00 8.989291622270627613e-01
5.085734183724115809e+01 0.000000000000000000e+00 8.989291622009147886e-01
5.155882241430655455e+01 0.000000000000000000e+00 8.989291621924166975e-01
5.226030299137195101e+01 0.000000000000000000e+00 8.989291621897166351e-01
5.296178356843735457e+01 0.000000000000000000e+00 8.989291621888924055e-01
5.366326414550273682e+01 0.000000000000000000e+00 8.989291621886366102e-01
5.436474472256814039e+01 0.000000000000000000e+00 8.989291621885513450e-01
5.506622529963353685e+01 0.000000000000000000e+00 8.989291621885229233e-01
5.576770587669892620e+01 0.000000000000000000e+00 8.989291621885229233e-01
5.646918645376432266e+01 0.000000000000000000e+00 8.989291621885229233e-01
5.717066703082972623e+01 0.000000000000000000e+00 8.989291621885229233e-01
5.787214760789511558e+01 0.000000000000000000e+00 8.989291621885229233e-01
5.857362818496051204e+01 0.000000000000000000e+00 8.989291621885229233e-01
5.927510876202590140e+01 0.000000000000000000e+00 8.989291621885229233e-01
5.997658933909129786e+01 0.000000000000000000e+00 8.989291621885229233e-01
6.067806991615670142e+01 0.000000000000000000e+00 8.989291621885229233e-01
6.137955049322208367e+01 0.000000000000000000e+00 8.989291621885229233e-01
6.208103107028748724e+01 0.000000000000000000e+00 8.989291621885229233e-01
6.278251164735288370e+01 0.000000000000000000e+00 8.989291621885229233e-01
6.348399222441827305e+01 0.000000000000000000e+00 8.989291621885229233e-01
6.418547280148366951e+01 0.000000000000000000e+00 8.989291621885229233e-01
6.488695337854906597e+01 0.000000000000000000e+00 8.989291621885229233e-01
6.558843395561446243e+01 0.000000000000000000e+00 8.989291621885229233e-01
6.628991453267985889e+01 0.000000000000000000e+00 8.989291621885229233e-01
6.699139510974525535e+01 0.000000000000000000e+00 8.989291621885229233e-01
6.769287568681065181e+01 0.000000000000000000e+00 8.989291621885229233e-01
6.839435626387604827e+01 0.000000000000000000e+00 8.989291621885229233e-01
6.909583684094144473e+01 0.000000000000000000e+00 8.989291621885229233e-01
7.014805770653953232e+01 0.000000000000000000e+00 8.989291621885229233e-01
