# Fit to erf function with parameters: B=221.669406979983 A=-220.5766999123147 R=15.359661208680578 W=-4.644652955996911 
0.000000000000000000e+00 2.249137822388728409e+02 4.420380681421507347e+02
1.052220865598092914e+00 2.555999871871224798e+02 4.417901415871873496e+02
1.753701442663488264e+00 3.250163136304500995e+02 4.414969458213261646e+02
2.455182019728883169e+00 4.109878257114355051e+02 4.410409760433069550e+02
3.156662596794278741e+00 4.933194600676690129e+02 4.403478266944285906e+02
3.858143173859674313e+00 5.475277707703339729e+02 4.393178438385205027e+02
4.559623750925068997e+00 5.638295866885425767e+02 4.378217955762791007e+02
5.261104327990464569e+00 5.495348752766209373e+02 4.356977019305365388e+02
5.962584905055860141e+00 5.194683449795659271e+02 4.327497922178412750e+02
6.664065482121254824e+00 4.870451080818158971e+02 4.287506470170489479e+02
7.365546059186651284e+00 4.636372922678456803e+02 4.234475123335898843e+02
8.067026636252046856e+00 4.479558575653408639e+02 4.165734946854383907e+02
8.768507213317441540e+00 4.338378532418155373e+02 4.078638358995673343e+02
9.469987790382836224e+00 4.151563308247684745e+02 3.970767493738751455e+02
1.017146836744823268e+01 3.886874276743812970e+02 3.840174548866157238e+02
1.087294894451362737e+01 3.569573078003032265e+02 3.685632093361164152e+02
1.157442952157902383e+01 3.273108598861445557e+02 3.506864641916941991e+02
1.227591009864441851e+01 3.004211298810477047e+02 3.304729584276981313e+02
1.297739067570981319e+01 2.748441811799860943e+02 3.081317121852140986e+02
1.367887125277520610e+01 2.518771320363437667e+02 2.839945776507818209e+02
1.438035182984060256e+01 2.317952690706097769e+02 2.585041810136734739e+02
1.508183240690599725e+01 2.131702241081469538e+02 2.321905946107097236e+02
1.578331298397139371e+01 1.954881608477818133e+02 2.056386663999719246e+02
1.648479356103678839e+01 1.781135764137369222e+02 1.794493201985100086e+02
1.718627413810218485e+01 1.607946575291351223e+02 1.541990623057413927e+02
1.788775471516758131e+01 1.437777663370734444e+02 1.304022082073331319e+02
1.858923529223297422e+01 1.269832469948536158e+02 1.084799219971739035e+02
1.929071586929837068e+01 1.098977730441597487e+02 8.873912414600030729e+01
1.999219644636376714e+01 9.253798127852638800e+01 7.136287172319271122e+01
2.069367702342916004e+01 7.534456205606123547e+01 5.641222137214799659e+01
2.139515760049455650e+01 5.922456237009522084e+01 4.383813038564954923e+01
2.209663817755994941e+01 4.497967763168204414e+01 3.350086535984058855e+01
2.279811875462534587e+01 3.275622983841640234e+01 2.519380754396391353e+01
2.349959933169074233e+01 2.292454620394844156e+01 1.866849472790792674e+01
2.420107990875613524e+01 1.558591679435986421e+01 1.365814605773519474e+01
2.490256048582153170e+01 1.032001059295902579e+01 9.897633338277245230e+00
2.560404106288692816e+01 6.727133595245050834e+00 7.138716172623333023e+00
2.630552163995232462e+01 4.270311864700556015e+00 5.160185741705475948e+00
2.700700221701772108e+01 2.653936140953626843e+00 3.773240653415854240e+00
2.770848279408311754e+01 1.612736697408839737e+00 2.822880445541471772e+00
2.840996337114851400e+01 9.640329877223788868e-01 2.186334656931308018e+00
2.911144394821390691e+01 5.699508991099297983e-01 1.769577116880498124e+00
2.981292452527929981e+01 3.292367811416275769e-01 1.502860744257617398e+00
3.051440510234469983e+01 1.863406533037872403e-01 1.336009956744106830e+00
3.121588567941009273e+01 1.011390696087897112e-01 1.233981997421921051e+00
3.191736625647548564e+01 5.515243067015660611e-02 1.172997075244040843e+00
3.261884683354088565e+01 2.818894185672579308e-02 1.137365250795710381e+00
3.332032741060628211e+01 1.448545758082746444e-02 1.117015179460764784e+00
3.402180798767167147e+01 7.411809546213605701e-03 1.105654453651339963e+00
3.472328856473707503e+01 3.650799274424341469e-03 1.099454927979820695e+00
3.542476914180246439e+01 1.752138453335616531e-03 1.096148012737387489e+00
3.612624971886786085e+01 7.937030626517236395e-04 1.094423764241668096e+00
3.682773029593325020e+01 5.319486829379141976e-04 1.093544966744786961e+00
3.752921087299865377e+01 1.927441865505014290e-04 1.093107152485259803e+00
3.823069145006404312e+01 7.349519114782867180e-05 1.092893944679616425e+00
3.893217202712943958e+01 2.252064831311249553e-05 1.092792453482388737e+00
3.963365260419483604e+01 1.656698893559619445e-05 1.092745229164080456e+00
4.033513318126023250e+01 0.000000000000000000e+00 1.092723750115737857e+00
4.103661375832562896e+01 0.000000000000000000e+00 1.092714200709792749e+00
4.173809433539102542e+01 0.000000000000000000e+00 1.092710050695188784e+00
4.243957491245642188e+01 0.000000000000000000e+00 1.092708287766214426e+00
4.314105548952181124e+01 0.000000000000000000e+00 1.092707555731180946e+00
4.384253606658720770e+01 0.000000000000000000e+00 1.092707258605059906e+00
4.454401664365260416e+01 0.000000000000000000e+00 1.092707140719255676e+00
4.524549722071800062e+01 0.000000000000000000e+00 1.092707095000548634e+00
4.594697779778338997e+01 0.000000000000000000e+00 1.092707077668961801e+00
4.664845837484879354e+01 0.000000000000000000e+00 1.092707071246593387e+00
4.734993895191418289e+01 0.000000000000000000e+00 1.092707068920333313e+00
4.805141952897957935e+01 0.000000000000000000e+00 1.092707068096672174e+00
4.875290010604497581e+01 0.000000000000000000e+00 1.092707067811630850e+00
4.945438068311037227e+01 0.000000000000000000e+00 1.092707067715195990e+00
5.015586126017576873e+01 0.000000000000000000e+00 1.092707067683306832e+00
5.085734183724115809e+01 0.000000000000000000e+00 1.092707067672989751e+00
5.155882241430655455e+01 0.000000000000000000e+00 1.092707067669749676e+00
5.226030299137195101e+01 0.000000000000000000e+00 1.092707067668754917e+00
5.296178356843735457e+01 0.000000000000000000e+00 1.092707067668413856e+00
5.366326414550273682e+01 0.000000000000000000e+00 1.092707067668328591e+00
5.436474472256814039e+01 0.000000000000000000e+00 1.092707067668300169e+00
5.506622529963353685e+01 0.000000000000000000e+00 1.092707067668300169e+00
5.576770587669892620e+01 0.000000000000000000e+00 1.092707067668300169e+00
5.646918645376432266e+01 0.000000000000000000e+00 1.092707067668300169e+00
5.717066703082972623e+01 0.000000000000000000e+00 1.092707067668300169e+00
5.787214760789511558e+01 0.000000000000000000e+00 1.092707067668300169e+00
5.857362818496051204e+01 0.000000000000000000e+00 1.092707067668300169e+00
5.927510876202590140e+01 0.000000000000000000e+00 1.092707067668300169e+00
5.997658933909129786e+01 0.000000000000000000e+00 1.092707067668300169e+00
6.067806991615670142e+01 0.000000000000000000e+00 1.092707067668300169e+00
6.137955049322208367e+01 0.000000000000000000e+00 1.092707067668300169e+00
6.208103107028748724e+01 0.000000000000000000e+00 1.092707067668300169e+00
6.278251164735288370e+01 0.000000000000000000e+00 1.092707067668300169e+00
6.348399222441827305e+01 0.000000000000000000e+00 1.092707067668300169e+00
6.418547280148366951e+01 0.000000000000000000e+00 1.092707067668300169e+00
6.488695337854906597e+01 0.000000000000000000e+00 1.092707067668300169e+00
6.558843395561446243e+01 0.000000000000000000e+00 1.092707067668300169e+00
6.628991453267985889e+01 0.000000000000000000e+00 1.092707067668300169e+00
6.699139510974525535e+01 0.000000000000000000e+00 1.092707067668300169e+00
6.769287568681065181e+01 0.000000000000000000e+00 1.092707067668300169e+00
6.839435626387604827e+01 0.000000000000000000e+00 1.092707067668300169e+00
6.909583684094144473e+01 0.000000000000000000e+00 1.092707067668300169e+00
7.014805770653953232e+01 0.000000000000000000e+00 1.092707067668300169e+00
