# Fit to erf function with parameters: B=233.11841905421838 A=232.6864953704933 R=14.077873616776097 W=6.4418971498924025 
0.000000000000000000e+00 4.055876628528241667e+02 4.590890339667645321e+02
1.052220865598092914e+00 4.089340085816250507e+02 4.557588705780433429e+02
1.753701442663488264e+00 4.278697455993858512e+02 4.528369003479859884e+02
2.455182019728883169e+00 4.515623359772307595e+02 4.492388949764485915e+02
3.156662596794278741e+00 4.665933677722213133e+02 4.448606190129844435e+02
3.858143173859674313e+00 4.706207983165489281e+02 4.395956022143849395e+02
4.559623750925068997e+00 4.653410578284426151e+02 4.333388105138207038e+02
5.261104327990464569e+00 4.562721064950995924e+02 4.259909832249702504e+02
5.962584905055860141e+00 4.449784428294615282e+02 4.174634878869701424e+02
6.664065482121254824e+00 4.312741987352727620e+02 4.076834767183402164e+02
7.365546059186651284e+00 4.164268444927617452e+02 3.965990682683201953e+02
8.067026636252046856e+00 3.976805753427259447e+02 3.841842318534515925e+02
8.768507213317441540e+00 3.734505181422707096e+02 3.704430276547643643e+02
9.469987790382836224e+00 3.476857537472557169e+02 3.554128574941772740e+02
1.017146836744823268e+01 3.229543689773352639e+02 3.391664136468837683e+02
1.087294894451362737e+01 3.015349829327565203e+02 3.218120759837307219e+02
1.157442952157902383e+01 2.832570604257409173e+02 3.034925983447981253e+02
1.227591009864441851e+01 2.666217043766058055e+02 2.843820370652697420e+02
1.297739067570981319e+01 2.504430694147881695e+02 2.646809988721711306e+02
1.367887125277520610e+01 2.350156258006263101e+02 2.446104108042318614e+02
1.438035182984060256e+01 2.189667717703142102e+02 2.244041294298866944e+02
1.508183240690599725e+01 2.013691135657310269e+02 2.043007990773020879e+02
1.578331298397139371e+01 1.824504973694083958e+02 1.845354296188111789e+02
1.648479356103678839e+01 1.636047605898631616e+02 1.653311872603200641e+02
1.718627413810218485e+01 1.463094310725196294e+02 1.468918743775993505e+02
1.788775471516758131e+01 1.310770003666446542e+02 1.293955185380619071e+02
1.858923529223297422e+01 1.176993925592284285e+02 1.129894022572612329e+02
1.929071586929837068e+01 1.055219592726114541e+02 9.778675282422548776e+01
1.999219644636376714e+01 9.407447313886385132e+01 8.386518687286567797e+01
2.069367702342916004e+01 8.265184851730394655e+01 7.126687922993332336e+01
2.139515760049455650e+01 7.131556821769341070e+01 6.000031126269976767e+01
2.209663817755994941e+01 6.019914490219709080e+01 5.004335995319587482e+01
2.279811875462534587e+01 4.959294476697542819e+01 4.134742193051590675e+01
2.349959933169074233e+01 3.988883721167105989e+01 3.384223009558775175e+01
2.420107990875613524e+01 3.132780165079198298e+01 2.744101431308720862e+01
2.490256048582153170e+01 2.403955368703279660e+01 2.204567895126928079e+01
2.560404106288692816e+01 1.798383614476180625e+01 1.755171351142368508e+01
2.630552163995232462e+01 1.318515492342333317e+01 1.385261142439512128e+01
2.700700221701772108e+01 9.478625247452946212e+00 1.084363898446056851e+01
2.770848279408311754e+01 6.675831255573917211e+00 8.424864349550261977e+00
2.840996337114851400e+01 4.585526719679354102e+00 6.503419591982321890e+00
2.911144394821390691e+01 3.077999905792883961e+00 4.995022452570736959e+00
2.981292452527929981e+01 2.009065256097360752e+00 3.824825949152284466e+00
3.051440510234469983e+01 1.277143577481134828e+00 2.927692211246579745e+00
3.121588567941009273e+01 7.879647542240679758e-01 2.248002215178360075e+00
3.191736625647548564e+01 4.766844817409374713e-01 1.739116968301118504e+00
3.261884683354088565e+01 2.766946658150985505e-01 1.362600362412962340e+00
3.332032741060628211e+01 1.580579550902928010e-01 1.087301954315876173e+00
3.402180798767167147e+01 8.965944826946480040e-02 8.883819071194523076e-01
3.472328856473707503e+01 5.009407957673921857e-02 7.463425514279720119e-01
3.542476914180246439e+01 2.702240606165358383e-02 6.461133850800990786e-01
3.612624971886786085e+01 1.481295010576881739e-02 5.762202011139834212e-01
3.682773029593325020e+01 8.123473983479635382e-03 5.280552845466957024e-01
3.752921087299865377e+01 4.074995702569673105e-03 4.952546626778939753e-01
3.823069145006404312e+01 2.327295223607105112e-03 4.731802773821414121e-01
3.893217202712943958e+01 1.216244503630075149e-03 4.584994533518909066e-01
3.963365260419483604e+01 5.817076135572931805e-04 4.488507818987557130e-01
4.033513318126023250e+01 3.786103465255976947e-04 4.425840679341774830e-01
4.103661375832562896e+01 1.202453307130712249e-04 4.385618324578786087e-01
4.173809433539102542e+01 1.645620672315536111e-05 4.360105979809532073e-01
4.243957491245642188e+01 0.000000000000000000e+00 4.344114504976914759e-01
4.314105548952181124e+01 0.000000000000000000e+00 4.334208879119216817e-01
4.384253606658720770e+01 0.000000000000000000e+00 4.328145278665544993e-01
4.454401664365260416e+01 0.000000000000000000e+00 4.324477235099095651e-01
4.524549722071800062e+01 0.000000000000000000e+00 4.322284462261904991e-01
4.594697779778338997e+01 0.000000000000000000e+00 4.320989049872139276e-01
4.664845837484879354e+01 0.000000000000000000e+00 4.320232778444221822e-01
4.734993895191418289e+01 0.000000000000000000e+00 4.319796460997054055e-01
4.805141952897957935e+01 0.000000000000000000e+00 4.319547699763290893e-01
4.875290010604497581e+01 0.000000000000000000e+00 4.319407541709665566e-01
4.945438068311037227e+01 0.000000000000000000e+00 4.319329503257733904e-01
5.015586126017576873e+01 0.000000000000000000e+00 4.319286564007711604e-01
5.085734183724115809e+01 0.000000000000000000e+00 4.319263215695627878e-01
5.155882241430655455e+01 0.000000000000000000e+00 4.319250669508676310e-01
5.226030299137195101e+01 0.000000000000000000e+00 4.319244007223517201e-01
5.296178356843735457e+01 0.000000000000000000e+00 4.319240511074724509e-01
5.366326414550273682e+01 0.000000000000000000e+00 4.319238698016363287e-01
5.436474472256814039e+01 0.000000000000000000e+00 4.319237768859807147e-01
5.506622529963353685e+01 0.000000000000000000e+00 4.319237298293217009e-01
5.576770587669892620e+01 0.000000000000000000e+00 4.319237062783827241e-01
5.646918645376432266e+01 0.000000000000000000e+00 4.319236946303419700e-01
5.717066703082972623e+01 0.000000000000000000e+00 4.319236889372746191e-01
5.787214760789511558e+01 0.000000000000000000e+00 4.319236861874742317e-01
5.857362818496051204e+01 0.000000000000000000e+00 4.319236848749312685e-01
5.927510876202590140e+01 0.000000000000000000e+00 4.319236842557927503e-01
5.997658933909129786e+01 0.000000000000000000e+00 4.319236839671987127e-01
6.067806991615670142e+01 0.000000000000000000e+00 4.319236838342419560e-01
6.137955049322208367e+01 0.000000000000000000e+00 4.319236837737321366e-01
6.208103107028748724e+01 0.000000000000000000e+00 4.319236837465041390e-01
6.278251164735288370e+01 0.000000000000000000e+00 4.319236837343964908e-01
6.348399222441827305e+01 0.000000000000000000e+00 4.319236837291100528e-01
6.418547280148366951e+01 0.000000000000000000e+00 4.319236837267794726e-01
6.488695337854906597e+01 0.000000000000000000e+00 4.319236837257847128e-01
6.558843395561446243e+01 0.000000000000000000e+00 4.319236837253868089e-01
6.628991453267985889e+01 0.000000000000000000e+00 4.319236837252162786e-01
6.699139510974525535e+01 0.000000000000000000e+00 4.319236837251310135e-01
6.769287568681065181e+01 0.000000000000000000e+00 4.319236837251025918e-01
6.839435626387604827e+01 0.000000000000000000e+00 4.319236837250741701e-01
6.909583684094144473e+01 0.000000000000000000e+00 4.319236837250741701e-01
7.014805770653953232e+01 0.000000000000000000e+00 4.319236837250741701e-01
