# Fit to erf function with parameters: B=217.93267731673635 A=214.8242728613938 R=14.853634802839506 W=4.663152265121217 
0.000000000000000000e+00 3.401238463093129099e+02 4.324463277236754948e+02
1.052220865598092914e+00 3.470275411765852596e+02 4.320953687471810554e+02
1.753701442663488264e+00 3.572350403145677546e+02 4.316901765100304829e+02
2.455182019728883169e+00 3.760711050085755573e+02 4.310723771108828828e+02
3.156662596794278741e+00 4.029648936315476249e+02 4.301514518029404144e+02
3.858143173859674313e+00 4.362643758837804739e+02 4.288093300603140960e+02
4.559623750925068997e+00 4.694518415046175619e+02 4.268970565480163941e+02
5.261104327990464569e+00 4.917030972485234770e+02 4.242332743335221039e+02
5.962584905055860141e+00 4.998390659217498637e+02 4.206055185587052847e+02
6.664065482121254824e+00 4.950347736952814444e+02 4.157752864120731715e+02
7.365546059186651284e+00 4.802585762614120313e+02 4.094876327415823880e+02
8.067026636252046856e+00 4.568537197012910838e+02 4.014856082120769543e+02
8.768507213317441540e+00 4.278614641781338719e+02 3.915292202298628581e+02
9.469987790382836224e+00 3.963841809571306385e+02 3.794178181502868483e+02
1.017146836744823268e+01 3.651128319259125306e+02 3.650139970873129869e+02
1.087294894451362737e+01 3.360192124271059129e+02 3.482664308157872028e+02
1.157442952157902383e+01 3.075467222760751156e+02 3.292286469955251391e+02
1.227591009864441851e+01 2.799766591339960655e+02 3.080707849647699277e+02
1.297739067570981319e+01 2.540991333035907473e+02 2.850819014919988490e+02
1.367887125277520610e+01 2.298604321819238407e+02 2.606613937839318851e+02
1.438035182984060256e+01 2.074547050474865273e+02 2.352994688400562211e+02
1.508183240690599725e+01 1.864891515134436588e+02 2.095480920741475188e+02
1.578331298397139371e+01 1.670839204175092902e+02 1.839852339535991632e+02
1.648479356103678839e+01 1.498251247052984070e+02 1.591762440478399014e+02
1.718627413810218485e+01 1.346656058462814940e+02 1.356366228335482447e+02
1.788775471516758131e+01 1.211021293658682367e+02 1.138002464885903038e+02
1.858923529223297422e+01 1.083386193255761611e+02 9.399627097020544397e+01
1.929071586929837068e+01 9.620472641933415048e+01 7.643665973885879339e+01
1.999219644636376714e+01 8.471528348324167723e+01 6.121478609558030826e+01
2.069367702342916004e+01 7.405652120281685313e+01 4.831412331185376274e+01
2.139515760049455650e+01 6.438817948098538579e+01 3.762488840212637342e+01
2.209663817755994941e+01 5.516548698573129172e+01 2.896580546676764811e+01
2.279811875462534587e+01 4.626906309786814120e+01 2.210795757600632783e+01
2.349959933169074233e+01 3.781438414811345439e+01 1.679795834600469107e+01
2.420107990875613524e+01 3.018463162533236144e+01 1.277827614666765044e+01
2.490256048582153170e+01 2.362677081328130768e+01 9.803326508910487291e+00
2.560404106288692816e+01 1.830766923803256319e+01 7.650752243491893978e+00
2.630552163995232462e+01 1.404846262579873439e+01 6.128006891255694200e+00
2.700700221701772108e+01 1.068465998051393129e+01 5.074864680667758421e+00
2.770848279408311754e+01 8.037740273378073397e+00 4.362770657745443259e+00
2.840996337114851400e+01 5.976780387054251520e+00 3.892033773928943674e+00
2.911144394821390691e+01 4.409743880988809650e+00 3.587798430226314395e+00
2.981292452527929981e+01 3.225848429983309007e+00 3.395563796268021406e+00
3.051440510234469983e+01 2.327458076167244538e+00 3.276810925419681553e+00
3.121588567941009273e+01 1.655785385538445897e+00 3.205089800439480996e+00
3.191736625647548564e+01 1.154653008779388035e+00 3.162741055783044430e+00
3.261884683354088565e+01 7.807362121959998680e-01 3.138294119539750682e+00
3.332032741060628211e+01 5.182197822066204607e-01 3.124496671504829237e+00
3.402180798767167147e+01 3.355251414672464350e-01 3.116883537062250298e+00
3.472328856473707503e+01 2.114738062881204583e-01 3.112776594660914498e+00
3.542476914180246439e+01 1.319384036547960881e-01 3.110610566590537474e+00
3.612624971886786085e+01 8.011316852968423941e-02 3.109493703654891306e+00
3.682773029593325020e+01 4.599967148460014366e-02 3.108930680858378537e+00
3.752921087299865377e+01 2.649517055184132108e-02 3.108653194041124834e+00
3.823069145006404312e+01 1.541141313467519862e-02 3.108519488631657168e+00
3.893217202712943958e+01 9.243210224069105252e-03 3.108456502372121122e+00
3.963365260419483604e+01 5.008665929841127525e-03 3.108427493366264116e+00
4.033513318126023250e+01 2.846013489712637731e-03 3.108414431355782881e+00
4.103661375832562896e+01 1.695873254416451099e-03 3.108408681230088177e+00
4.173809433539102542e+01 8.650040190550944714e-04 3.108406206460699650e+00
4.243957491245642188e+01 3.524027277045936645e-04 3.108405165145541105e+00
4.314105548952181124e+01 1.558461825829490430e-04 3.108404736774929233e+00
4.384253606658720770e+01 7.438834397668870561e-05 3.108404564490058419e+00
4.454401664365260416e+01 1.389447380781130518e-05 3.108404496747027679e+00
4.524549722071800062e+01 1.997035165866820907e-05 3.108404470705181666e+00
4.594697779778338997e+01 0.000000000000000000e+00 3.108404460917739698e+00
4.664845837484879354e+01 0.000000000000000000e+00 3.108404457321455538e+00
4.734993895191418289e+01 0.000000000000000000e+00 3.108404456029518315e+00
4.805141952897957935e+01 0.000000000000000000e+00 3.108404455575794145e+00
4.875290010604497581e+01 0.000000000000000000e+00 3.108404455420014756e+00
4.945438068311037227e+01 0.000000000000000000e+00 3.108404455367690389e+00
5.015586126017576873e+01 0.000000000000000000e+00 3.108404455350523676e+00
5.085734183724115809e+01 0.000000000000000000e+00 3.108404455345009865e+00
5.155882241430655455e+01 0.000000000000000000e+00 3.108404455343304562e+00
5.226030299137195101e+01 0.000000000000000000e+00 3.108404455342764550e+00
5.296178356843735457e+01 0.000000000000000000e+00 3.108404455342622441e+00
5.366326414550273682e+01 0.000000000000000000e+00 3.108404455342565598e+00
5.436474472256814039e+01 0.000000000000000000e+00 3.108404455342537176e+00
5.506622529963353685e+01 0.000000000000000000e+00 3.108404455342537176e+00
5.576770587669892620e+01 0.000000000000000000e+00 3.108404455342537176e+00
5.646918645376432266e+01 0.000000000000000000e+00 3.108404455342537176e+00
5.717066703082972623e+01 0.000000000000000000e+00 3.108404455342537176e+00
5.787214760789511558e+01 0.000000000000000000e+00 3.108404455342537176e+00
5.857362818496051204e+01 0.000000000000000000e+00 3.108404455342537176e+00
5.927510876202590140e+01 0.000000000000000000e+00 3.108404455342537176e+00
5.997658933909129786e+01 0.000000000000000000e+00 3.108404455342537176e+00
6.067806991615670142e+01 0.000000000000000000e+00 3.108404455342537176e+00
6.137955049322208367e+01 0.000000000000000000e+00 3.108404455342537176e+00
6.208103107028748724e+01 0.000000000000000000e+00 3.108404455342537176e+00
6.278251164735288370e+01 0.000000000000000000e+00 3.108404455342537176e+00
6.348399222441827305e+01 0.000000000000000000e+00 3.108404455342537176e+00
6.418547280148366951e+01 0.000000000000000000e+00 3.108404455342537176e+00
6.488695337854906597e+01 0.000000000000000000e+00 3.108404455342537176e+00
6.558843395561446243e+01 0.000000000000000000e+00 3.108404455342537176e+00
6.628991453267985889e+01 0.000000000000000000e+00 3.108404455342537176e+00
6.699139510974525535e+01 0.000000000000000000e+00 3.108404455342537176e+00
6.769287568681065181e+01 0.000000000000000000e+00 3.108404455342537176e+00
6.839435626387604827e+01 0.000000000000000000e+00 3.108404455342537176e+00
6.909583684094144473e+01 0.000000000000000000e+00 3.108404455342537176e+00
7.014805770653953232e+01 0.000000000000000000e+00 3.108404455342537176e+00
