# Fit to erf function with parameters: B=349.553951366832 A=349.6716282007457 R=7.682436834512304 W=10.39098060592215 
0.000000000000000000e+00 5.316233882352760247e+02 5.384807056496537143e+02
1.052220865598092914e+00 5.194648539189230405e+02 5.161985599538257929e+02
1.753701442663488264e+00 5.023710493062545765e+02 5.005092256625845266e+02
2.455182019728883169e+00 4.794616948435730706e+02 4.842040172272555765e+02
3.156662596794278741e+00 4.584823759162877082e+02 4.673357805411576464e+02
3.858143173859674313e+00 4.403880079702917101e+02 4.499643929516455501e+02
4.559623750925068997e+00 4.265704300415717967e+02 4.321561600254577797e+02
5.261104327990464569e+00 4.137569404528368295e+02 4.139830758779710322e+02
5.962584905055860141e+00 3.993710545838322332e+02 3.955219603310778780e+02
6.664065482121254824e+00 3.839045920453134499e+02 3.768534898892834804e+02
7.365546059186651284e+00 3.672453298949739633e+02 3.580611427884279010e+02
8.067026636252046856e+00 3.502871703311551528e+02 3.392300810473484489e+02
8.768507213317441540e+00 3.323319477474661312e+02 3.204459944328456800e+02
9.469987790382836224e+00 3.126962287628396666e+02 3.017939324526050768e+02
1.017146836744823268e+01 2.914475043771640799e+02 2.833571508703741983e+02
1.087294894451362737e+01 2.692468790654298800e+02 2.652159987772445220e+02
1.157442952157902383e+01 2.459502995374427883e+02 2.474468709710810970e+02
1.227591009864441851e+01 2.227413661418623576e+02 2.301212483449921535e+02
1.297739067570981319e+01 2.012338163160119962e+02 2.133048462479285945e+02
1.367887125277520610e+01 1.829326843650108572e+02 1.970568874653814930e+02
1.438035182984060256e+01 1.677438466473546725e+02 1.814295127063108168e+02
1.508183240690599725e+01 1.551056453794081165e+02 1.664673374195389499e+02
1.578331298397139371e+01 1.437929031273165208e+02 1.522071595526408032e+02
1.648479356103678839e+01 1.328578797190962177e+02 1.386778186637161809e+02
1.718627413810218485e+01 1.225441784364294620e+02 1.259002027502998544e+02
1.788775471516758131e+01 1.127453330513230583e+02 1.138873954068071725e+02
1.858923529223297422e+01 1.033660269098286335e+02 1.026449525812923582e+02
1.929071586929837068e+01 9.468820217656607952e+01 9.217129537070275092e+01
1.999219644636376714e+01 8.654982030683115113e+01 8.245820304271586565e+01
2.069367702342916004e+01 7.878138606848457925e+01 7.349138884605383737e+01
2.139515760049455650e+01 7.148861700850675049e+01 6.525114018692170248e+01
2.209663817755994941e+01 6.485771798399737520e+01 5.771300439754077161e+01
2.279811875462534587e+01 5.868402938533093050e+01 5.084850157011879901e+01
2.349959933169074233e+01 5.282330570550242754e+01 4.462584672151950826e+01
2.420107990875613524e+01 4.700234873229338461e+01 3.901066481884902259e+01
2.490256048582153170e+01 4.095446868769100490e+01 3.396668385017039782e+01
2.560404106288692816e+01 3.464637177797582979e+01 2.945639307572076859e+01
2.630552163995232462e+01 2.847222882697794688e+01 2.544165574833664323e+01
2.700700221701772108e+01 2.290921425798417843e+01 2.188426785349497550e+01
2.770848279408311754e+01 1.814922435018238644e+01 1.874645670078365356e+01
2.840996337114851400e+01 1.423303536632368704e+01 1.599131541947605228e+01
2.911144394821390691e+01 1.104535903408798880e+01 1.358317150190015354e+01
2.981292452527929981e+01 8.528856381983116464e+00 1.148788944288406810e+01
3.051440510234469983e+01 6.572085912740354807e+00 9.673109198821180144e+00
3.121588567941009273e+01 5.057021775162386490e+00 8.108423606823578211e+00
3.191736625647548564e+01 3.877493449795397229e+00 6.765499047454341053e+00
3.261884683354088565e+01 2.965654918451892108e+00 5.618144500476489611e+00
3.332032741060628211e+01 2.252575675866986149e+00 4.642334739713930958e+00
3.402180798767167147e+01 1.709402271692335384e+00 3.816193757397684294e+00
3.472328856473707503e+01 1.289041888218279475e+00 3.119944624385823317e+00
3.542476914180246439e+01 9.737716014377495455e-01 2.535831909647868088e+00
3.612624971886786085e+01 7.271823348462322922e-01 2.048022532850723110e+00
3.682773029593325020e+01 5.393174053833398318e-01 1.642490541569145535e+00
3.752921087299865377e+01 3.953144658036510939e-01 1.306890823112610178e+00
3.823069145006404312e+01 2.853080696412565453e-01 1.030426212149734511e+00
3.893217202712943958e+01 2.011383786067471036e-01 8.037118684649158240e-01
3.963365260419483604e+01 1.403214842103585602e-01 6.186402001123951777e-01
4.033513318126023250e+01 9.778248233427100367e-02 4.682490178086027299e-01
4.103661375832562896e+01 5.549955408884044844e-02 3.465950443396081937e-01
4.173809433539102542e+01 2.813794531523798603e-02 2.486343816108842475e-01
4.243957491245642188e+01 1.448705655748365115e-02 1.701110673264452089e-01
4.314105548952181124e+01 7.711367052835283245e-03 1.074544391028098289e-01
4.384253606658720770e+01 4.235388044185333864e-03 5.768566886962389617e-02
4.454401664365260416e+01 2.304502880872791315e-03 1.833353472835597131e-02
4.524549722071800062e+01 1.213215333771049120e-03 -1.264074107626811383e-02
4.594697779778338997e+01 7.067961558609534706e-04 -3.690994456388807521e-02
4.664845837484879354e+01 4.207234359312822460e-04 -5.583910602649666544e-02
4.734993895191418289e+01 1.544235386420306862e-04 -7.053610686460842771e-02
4.805141952897957935e+01 1.157624330945690585e-04 -8.189530180396786818e-02
4.875290010604497581e+01 4.834725460204578875e-05 -9.063482776684850251e-02
4.945438068311037227e+01 1.967798630509436125e-05 -9.732827264753041163e-02
5.015586126017576873e+01 2.818164638449051784e-06 -1.024313599261290619e-01
5.085734183724115809e+01 0.000000000000000000e+00 -1.063042733708812193e-01
5.155882241430655455e+01 0.000000000000000000e+00 -1.092302043426798264e-01
5.226030299137195101e+01 0.000000000000000000e+00 -1.114306560975819593e-01
5.296178356843735457e+01 0.000000000000000000e+00 -1.130779880256795877e-01
5.366326414550273682e+01 0.000000000000000000e+00 -1.143056303999969714e-01
5.436474472256814039e+01 0.000000000000000000e+00 -1.152163488076780595e-01
5.506622529963353685e+01 0.000000000000000000e+00 -1.158888883880990761e-01
5.576770587669892620e+01 0.000000000000000000e+00 -1.163832822520021182e-01
5.646918645376432266e+01 0.000000000000000000e+00 -1.167450666088711841e-01
5.717066703082972623e+01 0.000000000000000000e+00 -1.170086074856726555e-01
5.787214760789511558e+01 0.000000000000000000e+00 -1.171997105617492707e-01
5.857362818496051204e+01 0.000000000000000000e+00 -1.173376564809700540e-01
5.927510876202590140e+01 0.000000000000000000e+00 -1.174367788166250648e-01
5.997658933909129786e+01 0.000000000000000000e+00 -1.175076803592673969e-01
6.067806991615670142e+01 0.000000000000000000e+00 -1.175581652395862875e-01
6.137955049322208367e+01 0.000000000000000000e+00 -1.175939492051156776e-01
6.208103107028748724e+01 0.000000000000000000e+00 -1.176191977928056076e-01
6.278251164735288370e+01 0.000000000000000000e+00 -1.176369318130809916e-01
6.348399222441827305e+01 0.000000000000000000e+00 -1.176493311597823777e-01
6.418547280148366951e+01 0.000000000000000000e+00 -1.176579611815213866e-01
6.488695337854906597e+01 0.000000000000000000e+00 -1.176639404281445422e-01
6.558843395561446243e+01 0.000000000000000000e+00 -1.176680642749943217e-01
6.628991453267985889e+01 0.000000000000000000e+00 -1.176708955371736920e-01
6.699139510974525535e+01 0.000000000000000000e+00 -1.176728305289316268e-01
6.769287568681065181e+01 0.000000000000000000e+00 -1.176741469645889993e-01
6.839435626387604827e+01 0.000000000000000000e+00 -1.176750385063201065e-01
6.909583684094144473e+01 0.000000000000000000e+00 -1.176756395488496310e-01
7.014805770653953232e+01 0.000000000000000000e+00 -1.176761912584538550e-01
