# Fit to erf function with parameters: B=216.4692971778817 A=212.45022813152718 R=14.180254977001598 W=5.247428916719083 
0.000000000000000000e+00 3.527048573103527929e+02 4.274566662524314893e+02
1.052220865598092914e+00 3.589446029028128464e+02 4.262944348022925851e+02
1.753701442663488264e+00 3.743886508586830359e+02 4.251212075816607125e+02
2.455182019728883169e+00 4.005804114771573836e+02 4.235118092463483208e+02
3.156662596794278741e+00 4.280739154619065516e+02 4.213431297390870895e+02
3.858143173859674313e+00 4.516483418677817099e+02 4.184724970867655429e+02
4.559623750925068997e+00 4.648365723558414402e+02 4.147399070887810240e+02
5.261104327990464569e+00 4.660283596689624801e+02 4.099723776486848692e+02
5.962584905055860141e+00 4.548612348732521014e+02 4.039906461881714677e+02
6.664065482121254824e+00 4.373364214102922460e+02 3.966182124365354298e+02
7.365546059186651284e+00 4.162587044484059220e+02 3.876924507497403738e+02
8.067026636252046856e+00 3.926588612224808230e+02 3.770772028258098203e+02
8.768507213317441540e+00 3.695670197360273619e+02 3.646759533041263808e+02
9.469987790382836224e+00 3.497890852253405001e+02 3.504444360782558761e+02
1.017146836744823268e+01 3.328948102979987880e+02 3.344013684091780760e+02
1.087294894451362737e+01 3.141815104095165339e+02 3.166360054044461663e+02
1.157442952157902383e+01 2.914545384574183231e+02 2.973113740967839931e+02
1.227591009864441851e+01 2.658111983961619558e+02 2.766623843040403017e+02
1.297739067570981319e+01 2.391946906704385754e+02 2.549884942650783159e+02
1.367887125277520610e+01 2.127439584704372919e+02 2.326411774456230148e+02
1.438035182984060256e+01 1.877170367079466473e+02 2.100070179765802720e+02
1.508183240690599725e+01 1.649578401819335340e+02 1.874877731825924627e+02
1.578331298397139371e+01 1.452379097269414956e+02 1.654791062779003994e+02
1.648479356103678839e+01 1.285857103293485864e+02 1.443498545220056144e+02
1.718627413810218485e+01 1.143152087886800956e+02 1.244236326468822398e+02
1.788775471516758131e+01 1.023287443251977606e+02 1.059642884257818878e+02
1.858923529223297422e+01 9.223678144805484180e+01 8.916627066968452198e+01
1.929071586929837068e+01 8.415458569199194017e+01 7.415040886745470061e+01
1.999219644636376714e+01 7.745223229414794730e+01 6.096501989896802343e+01
2.069367702342916004e+01 7.160979517307217179e+01 4.959173067589753714e+01
2.139515760049455650e+01 6.637384544821021848e+01 3.995500110520885073e+01
2.209663817755994941e+01 6.131311643766409247e+01 3.193408991304320921e+01
2.279811875462534587e+01 5.586802934696031997e+01 2.537613860650876063e+01
2.349959933169074233e+01 4.986638398660490878e+01 2.010914116795314044e+01
2.420107990875613524e+01 4.352260146444444189e+01 1.595378301552665334e+01
2.490256048582153170e+01 3.710735320619112798e+01 1.273342432744215103e+01
2.560404106288692816e+01 3.100424754869148813e+01 1.028181956297461852e+01
2.630552163995232462e+01 2.548148939357780662e+01 8.448462372904259610e+00
2.700700221701772108e+01 2.054235886760542940e+01 7.101690216662888133e+00
2.770848279408311754e+01 1.628789715937292115e+01 6.129857357626093517e+00
2.840996337114851400e+01 1.260689092414529178e+01 5.440983934931665544e+00
2.911144394821390691e+01 9.536050849609145175e+00 4.961319328748913904e+00
2.981292452527929981e+01 7.037786658406244733e+00 4.633234382597805734e+00
3.051440510234469983e+01 5.073140723260475937e+00 4.412796966347059424e+00
3.121588567941009273e+01 3.550028603364904889e+00 4.267306448211598990e+00
3.191736625647548564e+01 2.417285598513350120e+00 4.172979793871803622e+00
3.261884683354088565e+01 1.601963951869770808e+00 4.112906074158587444e+00
3.332032741060628211e+01 1.041874349819784218e+00 4.075323635195530869e+00
3.402180798767167147e+01 6.699062960242819775e-01 4.052227690448233943e+00
3.472328856473707503e+01 4.204134804243537804e-01 4.038285313270478127e+00
3.542476914180246439e+01 2.582284150650671628e-01 4.030017546118301652e+00
3.612624971886786085e+01 1.535082429567118933e-01 4.025201507617680363e+00
3.682773029593325020e+01 8.914706316290049726e-02 4.022445744039373494e+00
3.752921087299865377e+01 4.909431950432736891e-02 4.020896769628564016e+00
3.823069145006404312e+01 2.771335878963117338e-02 4.020041512307727771e+00
3.893217202712943958e+01 1.486652335237848011e-02 4.019577638751798077e+00
3.963365260419483604e+01 7.160472569638962059e-03 4.019330493269563931e+00
4.033513318126023250e+01 3.602977867003857426e-03 4.019201146385910306e+00
4.103661375832562896e+01 1.933384190393727491e-03 4.019134648248126496e+00
4.173809433539102542e+01 8.688997420781394056e-04 4.019101065734133726e+00
4.243957491245642188e+01 3.653339394040151550e-04 4.019084406036398605e+00
4.314105548952181124e+01 1.517571185876546741e-04 4.019076287622056043e+00
4.384253606658720770e+01 1.105173324692305579e-04 4.019072401419180096e+00
4.454401664365260416e+01 1.153037869839577549e-04 4.019070574034913079e+00
4.524549722071800062e+01 4.774498365239468754e-05 4.019069729953343995e+00
4.594697779778338997e+01 6.003543017505461862e-05 4.019069346961885003e+00
4.664845837484879354e+01 1.057411088619671833e-05 4.019069176257801246e+00
4.734993895191418289e+01 4.457380506961074178e-06 4.019069101518567777e+00
4.805141952897957935e+01 1.300153636843306651e-05 4.019069069374296532e+00
4.875290010604497581e+01 0.000000000000000000e+00 4.019069055794034284e+00
4.945438068311037227e+01 0.000000000000000000e+00 4.019069050158122991e+00
5.015586126017576873e+01 0.000000000000000000e+00 4.019069047860540422e+00
5.085734183724115809e+01 0.000000000000000000e+00 4.019069046940472845e+00
5.155882241430655455e+01 0.000000000000000000e+00 4.019069046578522375e+00
5.226030299137195101e+01 0.000000000000000000e+00 4.019069046438687565e+00
5.296178356843735457e+01 0.000000000000000000e+00 4.019069046385595811e+00
5.366326414550273682e+01 0.000000000000000000e+00 4.019069046365814302e+00
5.436474472256814039e+01 0.000000000000000000e+00 4.019069046358538344e+00
5.506622529963353685e+01 0.000000000000000000e+00 4.019069046355951969e+00
5.576770587669892620e+01 0.000000000000000000e+00 4.019069046355014052e+00
5.646918645376432266e+01 0.000000000000000000e+00 4.019069046354701413e+00
5.717066703082972623e+01 0.000000000000000000e+00 4.019069046354587726e+00
5.787214760789511558e+01 0.000000000000000000e+00 4.019069046354559305e+00
5.857362818496051204e+01 0.000000000000000000e+00 4.019069046354530883e+00
5.927510876202590140e+01 0.000000000000000000e+00 4.019069046354530883e+00
5.997658933909129786e+01 0.000000000000000000e+00 4.019069046354530883e+00
6.067806991615670142e+01 0.000000000000000000e+00 4.019069046354530883e+00
6.137955049322208367e+01 0.000000000000000000e+00 4.019069046354530883e+00
6.208103107028748724e+01 0.000000000000000000e+00 4.019069046354530883e+00
6.278251164735288370e+01 0.000000000000000000e+00 4.019069046354530883e+00
6.348399222441827305e+01 0.000000000000000000e+00 4.019069046354530883e+00
6.418547280148366951e+01 0.000000000000000000e+00 4.019069046354530883e+00
6.488695337854906597e+01 0.000000000000000000e+00 4.019069046354530883e+00
6.558843395561446243e+01 0.000000000000000000e+00 4.019069046354530883e+00
6.628991453267985889e+01 0.000000000000000000e+00 4.019069046354530883e+00
6.699139510974525535e+01 0.000000000000000000e+00 4.019069046354530883e+00
6.769287568681065181e+01 0.000000000000000000e+00 4.019069046354530883e+00
6.839435626387604827e+01 0.000000000000000000e+00 4.019069046354530883e+00
6.909583684094144473e+01 0.000000000000000000e+00 4.019069046354530883e+00
7.014805770653953232e+01 0.000000000000000000e+00 4.019069046354530883e+00
