# Fit to erf function with parameters: B=184.54738548802504 A=-183.0661735853128 R=16.954927542663366 W=-2.3564920362008297 
0.000000000000000000e+00 1.723337525354632476e+02 3.676135590732234846e+02
1.052220865598092914e+00 1.774486545375357593e+02 3.676135590706025482e+02
1.753701442663488264e+00 1.997948866778189370e+02 3.676135590529678439e+02
2.455182019728883169e+00 2.390209471785613005e+02 3.676135589342443382e+02
3.156662596794278741e+00 2.832922357263904587e+02 3.676135582023298980e+02
3.858143173859674313e+00 3.260332220137959212e+02 3.676135540704952973e+02
4.559623750925068997e+00 3.633727309293814756e+02 3.676135327111400102e+02
5.261104327990464569e+00 3.993010372205659451e+02 3.676134315999343585e+02
5.962584905055860141e+00 4.262192700007895496e+02 3.676129932917222050e+02
6.664065482121254824e+00 4.386022649306790981e+02 3.676112533599610401e+02
7.365546059186651284e+00 4.410870524588135595e+02 3.676049283662114817e+02
8.067026636252046856e+00 4.440186673415628889e+02 3.675838728395259523e+02
8.768507213317441540e+00 4.492949859407336248e+02 3.675196849730469353e+02
9.469987790382836224e+00 4.564461136150960670e+02 3.673404911087877736e+02
1.017146836744823268e+01 4.612039539162677215e+02 3.668823713033565355e+02
1.087294894451362737e+01 4.582535862134258764e+02 3.658098079868914851e+02
1.157442952157902383e+01 4.438585565182943355e+02 3.635101843211821233e+02
1.227591009864441851e+01 4.189984287803602001e+02 3.589949282119725922e+02
1.297739067570981319e+01 3.882264854281269209e+02 3.508759489168422760e+02
1.367887125277520610e+01 3.523265495176280524e+02 3.375064435596696057e+02
1.438035182984060256e+01 3.130131935545489910e+02 3.173448277162042359e+02
1.508183240690599725e+01 2.718623098344384630e+02 2.895007754277384038e+02
1.578331298397139371e+01 2.312232890487698000e+02 2.542849834292172204e+02
1.648479356103678839e+01 1.925685680072515140e+02 2.134961784445112301e+02
1.718627413810218485e+01 1.576349144103111257e+02 1.702305143348074239e+02
1.788775471516758131e+01 1.270667284113754505e+02 1.282019276372204786e+02
1.858923529223297422e+01 9.999515873150625112e+01 9.081281619365459790e+01
1.929071586929837068e+01 7.606353896287819794e+01 6.035181632633964455e+01
1.999219644636376714e+01 5.617209023017205283e+01 3.762485859905291363e+01
2.069367702342916004e+01 4.081918362856124816e+01 2.209613138245111941e+01
2.139515760049455650e+01 2.938667819828996741e+01 1.237925049988260184e+01
2.209663817755994941e+01 2.087175330886231706e+01 6.811071356992215442e+00
2.279811875462534587e+01 1.453532878104715742e+01 3.888982242285834445e+00
2.349959933169074233e+01 9.855529504958928655e+00 2.484662238521877953e+00
2.420107990875613524e+01 6.555436760104348615e+00 1.866604126198694757e+00
2.490256048582153170e+01 4.262813663515392371e+00 1.617499847440342364e+00
2.560404106288692816e+01 2.705656761627869056e+00 1.525556656794321952e+00
2.630552163995232462e+01 1.658745112560972235e+00 1.494479438034232999e+00
2.700700221701772108e+01 9.827502840413591123e-01 1.484860072579635926e+00
2.770848279408311754e+01 5.625033908885862521e-01 1.482133420259202694e+00
2.840996337114851400e+01 3.203488354264670823e-01 1.481425654798130154e+00
2.911144394821390691e+01 1.750192668737222679e-01 1.481257417498881068e+00
2.981292452527929981e+01 9.225094034339673121e-02 1.481220796898753633e+00
3.051440510234469983e+01 4.748980371563492342e-02 1.481213497355696518e+00
3.121588567941009273e+01 2.535583599989139209e-02 1.481212164971026368e+00
3.191736625647548564e+01 1.294926084303139185e-02 1.481211942269169413e+00
3.261884683354088565e+01 6.050460131162881464e-03 1.481211908183240666e+00
3.332032741060628211e+01 2.776171895586582346e-03 1.481211903405977637e+00
3.402180798767167147e+01 1.357546256367947110e-03 1.481211902792892943e+00
3.472328856473707503e+01 4.906286761152805218e-04 1.481211902720815488e+00
3.542476914180246439e+01 2.283341461137681247e-04 1.481211902713056361e+00
3.612624971886786085e+01 9.868763308490765716e-05 1.481211902712317396e+00
3.682773029593325020e+01 9.181609077261097503e-05 1.481211902712232131e+00
3.752921087299865377e+01 3.392560027997299090e-05 1.481211902712232131e+00
3.823069145006404312e+01 3.733888523391208018e-05 1.481211902712232131e+00
3.893217202712943958e+01 7.938200443936369185e-06 1.481211902712232131e+00
3.963365260419483604e+01 0.000000000000000000e+00 1.481211902712232131e+00
4.033513318126023250e+01 0.000000000000000000e+00 1.481211902712232131e+00
4.103661375832562896e+01 0.000000000000000000e+00 1.481211902712232131e+00
4.173809433539102542e+01 0.000000000000000000e+00 1.481211902712232131e+00
4.243957491245642188e+01 0.000000000000000000e+00 1.481211902712232131e+00
4.314105548952181124e+01 0.000000000000000000e+00 1.481211902712232131e+00
4.384253606658720770e+01 0.000000000000000000e+00 1.481211902712232131e+00
4.454401664365260416e+01 0.000000000000000000e+00 1.481211902712232131e+00
4.524549722071800062e+01 0.000000000000000000e+00 1.481211902712232131e+00
4.594697779778338997e+01 0.000000000000000000e+00 1.481211902712232131e+00
4.664845837484879354e+01 0.000000000000000000e+00 1.481211902712232131e+00
4.734993895191418289e+01 0.000000000000000000e+00 1.481211902712232131e+00
4.805141952897957935e+01 0.000000000000000000e+00 1.481211902712232131e+00
4.875290010604497581e+01 0.000000000000000000e+00 1.481211902712232131e+00
4.945438068311037227e+01 0.000000000000000000e+00 1.481211902712232131e+00
5.015586126017576873e+01 0.000000000000000000e+00 1.481211902712232131e+00
5.085734183724115809e+01 0.000000000000000000e+00 1.481211902712232131e+00
5.155882241430655455e+01 0.000000000000000000e+00 1.481211902712232131e+00
5.226030299137195101e+01 0.000000000000000000e+00 1.481211902712232131e+00
5.296178356843735457e+01 0.000000000000000000e+00 1.481211902712232131e+00
5.366326414550273682e+01 0.000000000000000000e+00 1.481211902712232131e+00
5.436474472256814039e+01 0.000000000000000000e+00 1.481211902712232131e+00
5.506622529963353685e+01 0.000000000000000000e+00 1.481211902712232131e+00
5.576770587669892620e+01 0.000000000000000000e+00 1.481211902712232131e+00
5.646918645376432266e+01 0.000000000000000000e+00 1.481211902712232131e+00
5.717066703082972623e+01 0.000000000000000000e+00 1.481211902712232131e+00
5.787214760789511558e+01 0.000000000000000000e+00 1.481211902712232131e+00
5.857362818496051204e+01 0.000000000000000000e+00 1.481211902712232131e+00
5.927510876202590140e+01 0.000000000000000000e+00 1.481211902712232131e+00
5.997658933909129786e+01 0.000000000000000000e+00 1.481211902712232131e+00
6.067806991615670142e+01 0.000000000000000000e+00 1.481211902712232131e+00
6.137955049322208367e+01 0.000000000000000000e+00 1.481211902712232131e+00
6.208103107028748724e+01 0.000000000000000000e+00 1.481211902712232131e+00
6.278251164735288370e+01 0.000000000000000000e+00 1.481211902712232131e+00
6.348399222441827305e+01 0.000000000000000000e+00 1.481211902712232131e+00
6.418547280148366951e+01 0.000000000000000000e+00 1.481211902712232131e+00
6.488695337854906597e+01 0.000000000000000000e+00 1.481211902712232131e+00
6.558843395561446243e+01 0.000000000000000000e+00 1.481211902712232131e+00
6.628991453267985889e+01 0.000000000000000000e+00 1.481211902712232131e+00
6.699139510974525535e+01 0.000000000000000000e+00 1.481211902712232131e+00
6.769287568681065181e+01 0.000000000000000000e+00 1.481211902712232131e+00
6.839435626387604827e+01 0.000000000000000000e+00 1.481211902712232131e+00
6.909583684094144473e+01 0.000000000000000000e+00 1.481211902712232131e+00
7.014805770653953232e+01 0.000000000000000000e+00 1.481211902712232131e+00
