# 	r			Protein
-2.500000000000000000e+03 0.000000000000000000e+00
-2.425000000000000000e+03 0.000000000000000000e+00
-2.375000000000000000e+03 0.000000000000000000e+00
-2.325000000000000000e+03 0.000000000000000000e+00
-2.275000000000000000e+03 0.000000000000000000e+00
-2.225000000000000000e+03 0.000000000000000000e+00
-2.175000000000000000e+03 0.000000000000000000e+00
-2.125000000000000000e+03 0.000000000000000000e+00
-2.075000000000000000e+03 0.000000000000000000e+00
-2.025000000000000000e+03 0.000000000000000000e+00
-1.975000000000000000e+03 0.000000000000000000e+00
-1.925000000000000000e+03 0.000000000000000000e+00
-1.875000000000000000e+03 0.000000000000000000e+00
-1.825000000000000000e+03 0.000000000000000000e+00
-1.775000000000000000e+03 0.000000000000000000e+00
-1.725000000000000000e+03 0.000000000000000000e+00
-1.675000000000000000e+03 0.000000000000000000e+00
-1.625000000000000000e+03 0.000000000000000000e+00
-1.575000000000000000e+03 0.000000000000000000e+00
-1.525000000000000000e+03 0.000000000000000000e+00
-1.475000000000000000e+03 0.000000000000000000e+00
-1.425000000000000000e+03 0.000000000000000000e+00
-1.375000000000000000e+03 0.000000000000000000e+00
-1.325000000000000000e+03 0.000000000000000000e+00
-1.275000000000000000e+03 0.000000000000000000e+00
-1.225000000000000000e+03 0.000000000000000000e+00
-1.175000000000000000e+03 0.000000000000000000e+00
-1.125000000000000000e+03 0.000000000000000000e+00
-1.075000000000000000e+03 0.000000000000000000e+00
-1.025000000000000000e+03 0.000000000000000000e+00
-9.750000000000000000e+02 0.000000000000000000e+00
-9.250000000000000000e+02 0.000000000000000000e+00
-8.750000000000000000e+02 0.000000000000000000e+00
-8.250000000000000000e+02 0.000000000000000000e+00
-7.750000000000000000e+02 0.000000000000000000e+00
-7.250000000000000000e+02 0.000000000000000000e+00
-6.750000000000000000e+02 0.000000000000000000e+00
-6.250000000000000000e+02 0.000000000000000000e+00
-5.750000000000000000e+02 0.000000000000000000e+00
-5.250000000000000000e+02 0.000000000000000000e+00
-4.750000000000000000e+02 0.000000000000000000e+00
-4.250000000000000000e+02 0.000000000000000000e+00
-3.750000000000000000e+02 0.000000000000000000e+00
-3.250000000000000000e+02 0.000000000000000000e+00
-2.750000000000000000e+02 0.000000000000000000e+00
-2.250000000000000000e+02 0.000000000000000000e+00
-1.750000000000000000e+02 1.856358000000001994e+04
-1.250000000000000000e+02 2.956806519999290258e+07
-7.500000000000000000e+01 6.980381559477787018e+08
-2.500000000000000000e+01 8.366622214353655577e+08
2.500000000000000000e+01 8.022007883915449381e+08
7.500000000000000000e+01 7.071387581088130474e+08
1.250000000000000000e+02 3.205957926999381930e+07
1.750000000000000000e+02 1.286825000000000364e+04
2.250000000000000000e+02 0.000000000000000000e+00
2.750000000000000000e+02 0.000000000000000000e+00
3.250000000000000000e+02 0.000000000000000000e+00
3.750000000000000000e+02 0.000000000000000000e+00
4.250000000000000000e+02 0.000000000000000000e+00
4.750000000000000000e+02 0.000000000000000000e+00
5.250000000000000000e+02 0.000000000000000000e+00
5.750000000000000000e+02 0.000000000000000000e+00
6.250000000000000000e+02 0.000000000000000000e+00
6.750000000000000000e+02 0.000000000000000000e+00
7.250000000000000000e+02 0.000000000000000000e+00
7.750000000000000000e+02 0.000000000000000000e+00
8.250000000000000000e+02 0.000000000000000000e+00
8.750000000000000000e+02 0.000000000000000000e+00
9.250000000000000000e+02 0.000000000000000000e+00
9.750000000000000000e+02 0.000000000000000000e+00
1.025000000000000000e+03 0.000000000000000000e+00
1.075000000000000000e+03 0.000000000000000000e+00
1.125000000000000000e+03 0.000000000000000000e+00
1.175000000000000000e+03 0.000000000000000000e+00
1.225000000000000000e+03 0.000000000000000000e+00
1.275000000000000000e+03 0.000000000000000000e+00
1.325000000000000000e+03 0.000000000000000000e+00
1.375000000000000000e+03 0.000000000000000000e+00
1.425000000000000000e+03 0.000000000000000000e+00
1.475000000000000000e+03 0.000000000000000000e+00
1.525000000000000000e+03 0.000000000000000000e+00
1.575000000000000000e+03 0.000000000000000000e+00
1.625000000000000000e+03 0.000000000000000000e+00
1.675000000000000000e+03 0.000000000000000000e+00
1.725000000000000000e+03 0.000000000000000000e+00
1.775000000000000000e+03 0.000000000000000000e+00
1.825000000000000000e+03 0.000000000000000000e+00
1.875000000000000000e+03 0.000000000000000000e+00
1.925000000000000000e+03 0.000000000000000000e+00
1.975000000000000000e+03 0.000000000000000000e+00
2.025000000000000000e+03 0.000000000000000000e+00
2.075000000000000000e+03 0.000000000000000000e+00
2.125000000000000000e+03 0.000000000000000000e+00
2.175000000000000000e+03 0.000000000000000000e+00
2.225000000000000000e+03 0.000000000000000000e+00
2.275000000000000000e+03 0.000000000000000000e+00
2.325000000000000000e+03 0.000000000000000000e+00
2.375000000000000000e+03 0.000000000000000000e+00
2.425000000000000000e+03 0.000000000000000000e+00
2.500000000000000000e+03 0.000000000000000000e+00
