# 	r			Protein
-2.500000000000000000e+03 0.000000000000000000e+00
-2.425000000000000000e+03 0.000000000000000000e+00
-2.375000000000000000e+03 0.000000000000000000e+00
-2.325000000000000000e+03 0.000000000000000000e+00
-2.275000000000000000e+03 0.000000000000000000e+00
-2.225000000000000000e+03 0.000000000000000000e+00
-2.175000000000000000e+03 0.000000000000000000e+00
-2.125000000000000000e+03 0.000000000000000000e+00
-2.075000000000000000e+03 0.000000000000000000e+00
-2.025000000000000000e+03 0.000000000000000000e+00
-1.975000000000000000e+03 0.000000000000000000e+00
-1.925000000000000000e+03 0.000000000000000000e+00
-1.875000000000000000e+03 0.000000000000000000e+00
-1.825000000000000000e+03 0.000000000000000000e+00
-1.775000000000000000e+03 0.000000000000000000e+00
-1.725000000000000000e+03 0.000000000000000000e+00
-1.675000000000000000e+03 0.000000000000000000e+00
-1.625000000000000000e+03 0.000000000000000000e+00
-1.575000000000000000e+03 3.397909999999998035e+03
-1.525000000000000000e+03 7.843445000000012806e+04
-1.475000000000000000e+03 6.510364699999637669e+05
-1.425000000000000000e+03 3.455736790001323912e+06
-1.375000000000000000e+03 1.204287038999247178e+07
-1.325000000000000000e+03 2.927599122998471186e+07
-1.275000000000000000e+03 4.665772838997572660e+07
-1.225000000000000000e+03 5.954600859996294230e+07
-1.175000000000000000e+03 5.204523276997233927e+07
-1.125000000000000000e+03 3.612436077998477221e+07
-1.075000000000000000e+03 3.563689730998528749e+07
-1.025000000000000000e+03 4.772049417997720838e+07
-9.750000000000000000e+02 5.775236909997073561e+07
-9.250000000000000000e+02 6.168869514997309446e+07
-8.750000000000000000e+02 7.444557226981016994e+07
-8.250000000000000000e+02 1.031805527391898483e+08
-7.750000000000000000e+02 1.172318805588794798e+08
-7.250000000000000000e+02 9.946243085927152634e+07
-6.750000000000000000e+02 9.034733898946817219e+07
-6.250000000000000000e+02 8.711521863953404129e+07
-5.750000000000000000e+02 8.319118729963274300e+07
-5.250000000000000000e+02 9.430919678938809037e+07
-4.750000000000000000e+02 1.366704525985592008e+08
-4.250000000000000000e+02 1.682357647290638685e+08
-3.750000000000000000e+02 1.586999911389148533e+08
-3.250000000000000000e+02 1.102526304990464300e+08
-2.750000000000000000e+02 6.583770490999044478e+07
-2.250000000000000000e+02 9.482124196940429509e+07
-1.750000000000000000e+02 2.108347491097004414e+08
-1.250000000000000000e+02 3.377106576722046733e+08
-7.500000000000000000e+01 5.385364370277242661e+08
-2.500000000000000000e+01 6.318860141380505562e+08
2.500000000000000000e+01 6.199415244049235582e+08
7.500000000000000000e+01 4.713345218255431056e+08
1.250000000000000000e+02 3.065976871014310122e+08
1.750000000000000000e+02 2.294777754299782813e+08
2.250000000000000000e+02 1.300082879386475384e+08
2.750000000000000000e+02 1.233981089987871796e+08
3.250000000000000000e+02 2.013611808695505857e+08
3.750000000000000000e+02 2.534236833604435325e+08
4.250000000000000000e+02 2.609528139505032897e+08
4.750000000000000000e+02 2.216467429199317694e+08
5.250000000000000000e+02 1.558200637188459337e+08
5.750000000000000000e+02 1.100732305790490806e+08
6.250000000000000000e+02 6.753505057996414602e+07
6.750000000000000000e+02 3.748522467998459935e+07
7.250000000000000000e+02 2.048635818998561427e+07
7.750000000000000000e+02 8.532850779998086393e+06
8.250000000000000000e+02 8.567928399998100474e+06
8.750000000000000000e+02 1.307091708999197371e+07
9.250000000000000000e+02 1.181927522999305092e+07
9.750000000000000000e+02 4.918063300001117401e+06
1.025000000000000000e+03 1.348180490000016987e+06
1.075000000000000000e+03 6.895144399999534944e+05
1.125000000000000000e+03 5.573672699999869801e+05
1.175000000000000000e+03 5.632934299999885261e+05
1.225000000000000000e+03 6.140834699999664444e+05
1.275000000000000000e+03 4.366867899999921210e+05
1.325000000000000000e+03 1.350212900000017835e+05
1.375000000000000000e+03 1.111597400000010239e+05
1.425000000000000000e+03 2.867377000000002226e+04
1.475000000000000000e+03 4.545599999999999454e+02
1.525000000000000000e+03 0.000000000000000000e+00
1.575000000000000000e+03 0.000000000000000000e+00
1.625000000000000000e+03 0.000000000000000000e+00
1.675000000000000000e+03 0.000000000000000000e+00
1.725000000000000000e+03 0.000000000000000000e+00
1.775000000000000000e+03 0.000000000000000000e+00
1.825000000000000000e+03 0.000000000000000000e+00
1.875000000000000000e+03 0.000000000000000000e+00
1.925000000000000000e+03 0.000000000000000000e+00
1.975000000000000000e+03 0.000000000000000000e+00
2.025000000000000000e+03 0.000000000000000000e+00
2.075000000000000000e+03 0.000000000000000000e+00
2.125000000000000000e+03 0.000000000000000000e+00
2.175000000000000000e+03 0.000000000000000000e+00
2.225000000000000000e+03 0.000000000000000000e+00
2.275000000000000000e+03 0.000000000000000000e+00
2.325000000000000000e+03 0.000000000000000000e+00
2.375000000000000000e+03 0.000000000000000000e+00
2.425000000000000000e+03 0.000000000000000000e+00
2.500000000000000000e+03 0.000000000000000000e+00
